Platform at 1560 888.75
Number of edges: 0

Platform at 1480 888.75
Number of edges: 2
1320 888.75 -138.461 -346.669 8
1300 798.75 -208.375 -363.336 8

Platform at 1320 888.75
Number of edges: 1
1280 888.75 -100 0 1

Platform at 0 888.75
Number of edges: 0

Platform at 80 888.75
Number of edges: 1
280 798.75 231.528 -363.336 8

Platform at 160 888.75
Number of edges: 2
200 888.75 100 0 1
280 798.75 138.917 -363.336 8

Platform at 200 888.75
Number of edges: 3
160 888.75 -100 0 1
240 888.75 100 0 1
280 798.75 92.611 -363.336 8

Platform at 240 888.75
Number of edges: 2
200 888.75 -100 0 1
280 888.75 100 0 1

Platform at 280 888.75
Number of edges: 2
240 888.75 -100 0 1
320 888.75 100 0 1

Platform at 320 888.75
Number of edges: 2
280 888.75 -100 0 1
360 888.75 100 0 1

Platform at 360 888.75
Number of edges: 2
320 888.75 -100 0 1
400 888.75 100 0 1

Platform at 400 888.75
Number of edges: 2
360 888.75 -100 0 1
440 888.75 100 0 1

Platform at 440 888.75
Number of edges: 2
400 888.75 -100 0 1
480 888.75 100 0 1

Platform at 480 888.75
Number of edges: 2
440 888.75 -100 0 1
520 888.75 100 0 1

Platform at 520 888.75
Number of edges: 2
480 888.75 -100 0 1
560 888.75 100 0 1

Platform at 560 888.75
Number of edges: 2
520 888.75 -100 0 1
600 888.75 100 0 1

Platform at 600 888.75
Number of edges: 2
560 888.75 -100 0 1
640 888.75 100 0 1

Platform at 640 888.75
Number of edges: 2
600 888.75 -100 0 1
680 888.75 100 0 1

Platform at 680 888.75
Number of edges: 2
640 888.75 -100 0 1
720 888.75 100 0 1

Platform at 720 888.75
Number of edges: 1
680 888.75 -100 0 1

Platform at 760 888.75
Number of edges: 0

Platform at 800 888.75
Number of edges: 2
840 888.75 100 0 1
880 843.75 135.507 -253.336 8

Platform at 840 888.75
Number of edges: 2
800 888.75 -100 0 1
760 843.75 -135.507 -253.336 8

Platform at 880 888.75
Number of edges: 0

Platform at 920 888.75
Number of edges: 2
960 888.75 100 0 1
980 821.25 61.1002 -363.336 8

Platform at 960 888.75
Number of edges: 2
920 888.75 -100 0 1
1000 888.75 100 0 1

Platform at 1000 888.75
Number of edges: 2
960 888.75 -100 0 1
1040 888.75 100 0 1

Platform at 1040 888.75
Number of edges: 2
1000 888.75 -100 0 1
1080 888.75 100 0 1

Platform at 1080 888.75
Number of edges: 2
1040 888.75 -100 0 1
1120 888.75 100 0 1

Platform at 1120 888.75
Number of edges: 2
1080 888.75 -100 0 1
1160 888.75 100 0 1

Platform at 1160 888.75
Number of edges: 2
1120 888.75 -100 0 1
1200 888.75 100 0 1

Platform at 1200 888.75
Number of edges: 2
1160 888.75 -100 0 1
1240 888.75 100 0 1

Platform at 1240 888.75
Number of edges: 2
1200 888.75 -100 0 1
1280 888.75 100 0 1

Platform at 1280 888.75
Number of edges: 2
1320 888.75 100 0 1
1240 888.75 -100 0 1

Platform at 0 45
Number of edges: 1
40 45 100 0 1

Platform at 40 45
Number of edges: 2
0 45 -100 0 1
80 45 100 0 1

Platform at 80 45
Number of edges: 2
40 45 -100 0 1
120 45 100 0 1

Platform at 120 45
Number of edges: 2
80 45 -100 0 1
160 45 100 0 1

Platform at 160 45
Number of edges: 2
120 45 -100 0 1
200 45 100 0 1

Platform at 200 45
Number of edges: 2
160 45 -100 0 1
240 45 100 0 1

Platform at 240 45
Number of edges: 2
200 45 -100 0 1
280 45 100 0 1

Platform at 280 45
Number of edges: 2
240 45 -100 0 1
320 45 100 0 1

Platform at 320 45
Number of edges: 2
280 45 -100 0 1
360 45 100 0 1

Platform at 360 45
Number of edges: 2
320 45 -100 0 1
400 45 100 0 1

Platform at 400 45
Number of edges: 2
360 45 -100 0 1
440 45 100 0 1

Platform at 440 45
Number of edges: 2
400 45 -100 0 1
480 45 100 0 1

Platform at 480 45
Number of edges: 2
440 45 -100 0 1
520 45 100 0 1

Platform at 520 45
Number of edges: 2
480 45 -100 0 1
560 45 100 0 1

Platform at 560 45
Number of edges: 2
520 45 -100 0 1
600 45 100 0 1

Platform at 600 45
Number of edges: 2
560 45 -100 0 1
640 45 100 0 1

Platform at 640 45
Number of edges: 2
600 45 -100 0 1
680 45 100 0 1

Platform at 680 45
Number of edges: 2
640 45 -100 0 1
720 45 100 0 1

Platform at 720 45
Number of edges: 2
680 45 -100 0 1
760 45 100 0 1

Platform at 760 45
Number of edges: 2
720 45 -100 0 1
800 45 100 0 1

Platform at 800 45
Number of edges: 2
760 45 -100 0 1
840 45 100 0 1

Platform at 840 45
Number of edges: 2
800 45 -100 0 1
880 45 100 0 1

Platform at 880 45
Number of edges: 2
840 45 -100 0 1
920 45 100 0 1

Platform at 920 45
Number of edges: 2
880 45 -100 0 1
960 45 100 0 1

Platform at 960 45
Number of edges: 2
920 45 -100 0 1
1000 45 100 0 1

Platform at 1000 45
Number of edges: 2
960 45 -100 0 1
1040 45 100 0 1

Platform at 1040 45
Number of edges: 2
1000 45 -100 0 1
1080 45 100 0 1

Platform at 1080 45
Number of edges: 2
1040 45 -100 0 1
1120 45 100 0 1

Platform at 1120 45
Number of edges: 2
1080 45 -100 0 1
1160 45 100 0 1

Platform at 1160 45
Number of edges: 2
1120 45 -100 0 1
1200 45 100 0 1

Platform at 1200 45
Number of edges: 2
1160 45 -100 0 1
1240 45 100 0 1

Platform at 1240 45
Number of edges: 2
1200 45 -100 0 1
1280 45 100 0 1

Platform at 1280 45
Number of edges: 2
1240 45 -100 0 1
1320 45 100 0 1

Platform at 1320 45
Number of edges: 2
1280 45 -100 0 1
1360 45 100 0 1

Platform at 1360 45
Number of edges: 2
1320 45 -100 0 1
1400 45 100 0 1

Platform at 1400 45
Number of edges: 2
1360 45 -100 0 1
1440 45 100 0 1

Platform at 1440 45
Number of edges: 2
1400 45 -100 0 1
1480 45 100 0 1

Platform at 1480 45
Number of edges: 2
1440 45 -100 0 1
1520 45 100 0 1

Platform at 1520 45
Number of edges: 2
1480 45 -100 0 1
1560 45 100 0 1

Platform at 1560 45
Number of edges: 1
1520 45 -100 0 1

Platform at 20 731.25
Number of edges: 1
60 731.25 100 0 1

Platform at 60 731.25
Number of edges: 2
20 731.25 -100 0 1
100 731.25 100 0 1

Platform at 100 731.25
Number of edges: 2
60 731.25 -100 0 1
140 731.25 100 0 1

Platform at 140 731.25
Number of edges: 2
100 731.25 -100 0 1
180 731.25 100 0 1

Platform at 180 731.25
Number of edges: 2
140 731.25 -100 0 1
220 731.25 100 0 1

Platform at 220 731.25
Number of edges: 2
180 731.25 -100 0 1
260 731.25 100 0 1

Platform at 260 731.25
Number of edges: 6
220 731.25 -100 0 1
280 798.75 20 0 2
320 798.75 20 0 2
360 798.75 60 0 2
400 798.75 150 0 2
440 798.75 230 0 2

Platform at 1540 731.25
Number of edges: 1
1500 731.25 -100 0 1

Platform at 1300 731.25
Number of edges: 7
1340 731.25 100 0 1
1100 731.25 -181.817 -330.002 8
1100 798.75 -270 0 2
1140 798.75 -190 0 2
1180 798.75 -110 0 2
1220 798.75 -20 0 2
1260 798.75 -20 0 2

Platform at 1340 731.25
Number of edges: 3
1300 731.25 -100 0 1
1380 731.25 100 0 1
1100 731.25 -242.695 -296.669 8

Platform at 1380 731.25
Number of edges: 2
1340 731.25 -100 0 1
1420 731.25 100 0 1

Platform at 1420 731.25
Number of edges: 2
1380 731.25 -100 0 1
1460 731.25 100 0 1

Platform at 1460 731.25
Number of edges: 2
1420 731.25 -100 0 1
1500 731.25 100 0 1

Platform at 1500 731.25
Number of edges: 2
1540 731.25 100 0 1
1460 731.25 -100 0 1

Platform at 520 731.25
Number of edges: 6
560 731.25 100 0 1
320 798.75 -270 0 2
360 798.75 -190 0 2
400 798.75 -110 0 2
440 798.75 -20 0 2
480 798.75 -20 0 2

Platform at 560 731.25
Number of edges: 2
520 731.25 -100 0 1
600 731.25 100 0 1

Platform at 600 731.25
Number of edges: 2
560 731.25 -100 0 1
640 731.25 100 0 1

Platform at 640 731.25
Number of edges: 3
600 731.25 -100 0 1
680 731.25 100 0 1
560 540 -70.0791 -510.003 8

Platform at 680 731.25
Number of edges: 4
640 731.25 -100 0 1
720 731.25 100 0 1
900 731.25 190.383 -346.669 8
560 540 -105.119 -510.003 8

Platform at 720 731.25
Number of edges: 5
680 731.25 -100 0 1
900 731.25 155.768 -346.669 8
880 843.75 240 0 2
760 843.75 20 0 2
820 787.5 70 0 2

Platform at 900 731.25
Number of edges: 5
720 731.25 -155.768 -346.669 8
940 731.25 100 0 1
760 843.75 -190 0 2
820 787.5 -20 0 2
680 821.25 -270 0 2

Platform at 940 731.25
Number of edges: 4
900 731.25 -100 0 1
720 731.25 -190.383 -346.669 8
980 731.25 100 0 1
1080 540 120.384 -513.336 8

Platform at 980 731.25
Number of edges: 3
940 731.25 -100 0 1
1020 731.25 100 0 1
1080 540 87.5989 -510.003 8

Platform at 1020 731.25
Number of edges: 2
980 731.25 -100 0 1
1060 731.25 100 0 1

Platform at 1060 731.25
Number of edges: 3
1020 731.25 -100 0 1
1300 731.25 207.691 -346.669 8
1100 731.25 100 0 1

Platform at 1100 731.25
Number of edges: 7
1060 731.25 -100 0 1
1300 731.25 174.756 -343.336 8
1140 798.75 20 0 2
1180 798.75 20 0 2
1220 798.75 110 0 2
1260 798.75 190 0 2
1300 798.75 270 0 2

Platform at 880 843.75
Number of edges: 8
760 888.75 -120 0 2
800 888.75 -20 0 2
840 888.75 -20 0 2
920 888.75 20 0 2
960 888.75 20 0 2
720 731.25 -138.844 -443.336 8
820 787.5 -71.0309 -320.002 8
980 821.25 120.178 -276.669 8

Platform at 760 843.75
Number of edges: 7
800 888.75 20 0 2
840 888.75 20 0 2
880 888.75 120 0 2
900 731.25 121.489 -443.336 8
820 787.5 52.2758 -393.336 8
560 798.75 -281.148 -276.669 8
680 821.25 -96.1428 -276.669 8

Platform at 820 787.5
Number of edges: 8
920 888.75 150 0 2
960 888.75 150 0 2
720 731.25 -87.1264 -393.336 8
900 731.25 69.7011 -393.336 8
880 843.75 20 0 2
760 843.75 -20 0 2
980 821.25 240 0 2
680 821.25 -190 0 2

Platform at 1100 798.75
Number of edges: 3
1140 798.75 100 0 1
980 821.25 -170 0 2
1020 821.25 -20 0 2

Platform at 1140 798.75
Number of edges: 3
1100 798.75 -100 0 1
1300 731.25 137.703 -406.669 8
1180 798.75 100 0 1

Platform at 1180 798.75
Number of edges: 4
1140 798.75 -100 0 1
1300 731.25 103.277 -406.669 8
1100 731.25 -69.6527 -403.336 8
1220 798.75 100 0 1

Platform at 1220 798.75
Number of edges: 4
1180 798.75 -100 0 1
1300 731.25 69.6527 -403.336 8
1100 731.25 -103.277 -406.669 8
1260 798.75 100 0 1

Platform at 1260 798.75
Number of edges: 3
1220 798.75 -100 0 1
1100 731.25 -137.703 -406.669 8
1300 798.75 100 0 1

Platform at 1300 798.75
Number of edges: 3
1260 798.75 -100 0 1
1480 888.75 200 0 2
1320 888.75 20 0 2

Platform at 560 798.75
Number of edges: 3
520 798.75 -100 0 1
680 821.25 170 0 2
640 821.25 20 0 2

Platform at 280 798.75
Number of edges: 5
80 888.75 -240 0 2
160 888.75 -90 0 2
200 888.75 -20 0 2
240 888.75 -20 0 2
320 798.75 100 0 1

Platform at 320 798.75
Number of edges: 4
280 798.75 -100 0 1
260 731.25 -52.2396 -403.336 8
520 731.25 172.129 -406.669 8
360 798.75 100 0 1

Platform at 360 798.75
Number of edges: 4
320 798.75 -100 0 1
260 731.25 -87.0659 -403.336 8
520 731.25 137.703 -406.669 8
400 798.75 100 0 1

Platform at 400 798.75
Number of edges: 5
360 798.75 -100 0 1
260 731.25 -120.49 -406.669 8
520 731.25 103.277 -406.669 8
440 798.75 100 0 1
320 596.25 -70.0176 -520.003 8

Platform at 440 798.75
Number of edges: 5
400 798.75 -100 0 1
260 731.25 -154.916 -406.669 8
520 731.25 69.6527 -403.336 8
480 798.75 100 0 1
320 596.25 -115.426 -506.67 8

Platform at 480 798.75
Number of edges: 3
440 798.75 -100 0 1
260 731.25 -189.342 -406.669 8
520 798.75 100 0 1

Platform at 520 798.75
Number of edges: 2
560 798.75 100 0 1
480 798.75 -100 0 1

Platform at 980 821.25
Number of edges: 7
880 888.75 -60 0 2
920 888.75 -20 0 2
960 888.75 -20 0 2
880 843.75 -90 0 2
820 787.5 -299.832 -223.336 8
1100 798.75 192.209 -223.336 8
1020 821.25 100 0 1

Platform at 1020 821.25
Number of edges: 2
980 821.25 -100 0 1
1100 798.75 128.139 -223.336 8

Platform at 680 821.25
Number of edges: 4
760 843.75 20 0 2
820 787.5 253.799 -226.669 8
560 798.75 -192.209 -223.336 8
640 821.25 -100 0 1

Platform at 640 821.25
Number of edges: 2
680 821.25 100 0 1
560 798.75 -128.139 -223.336 8

Platform at 20 663.75
Number of edges: 1
60 663.75 100 0 1

Platform at 1540 663.75
Number of edges: 1
1500 663.75 -100 0 1

Platform at 1500 663.75
Number of edges: 3
1540 663.75 100 0 1
1460 663.75 -100 0 1
1360 630 -145.73 -323.336 8

Platform at 1420 663.75
Number of edges: 4
1460 663.75 100 0 1
1360 630 -52.3418 -373.336 8
1260 596.25 -137.703 -406.669 8
1260 506.25 -140.458 -480.003 8

Platform at 1460 663.75
Number of edges: 4
1500 663.75 100 0 1
1420 663.75 -100 0 1
1360 630 -87.2363 -373.336 8
1260 596.25 -172.129 -406.669 8

Platform at 60 663.75
Number of edges: 4
20 663.75 -100 0 1
100 663.75 100 0 1
180 630 131.916 -310.002 8
280 596.25 193.811 -400.003 8

Platform at 100 663.75
Number of edges: 4
60 663.75 -100 0 1
140 663.75 100 0 1
180 630 69.789 -373.336 8
280 596.25 154.916 -406.669 8

Platform at 140 663.75
Number of edges: 1
100 663.75 -100 0 1

Platform at 180 630
Number of edges: 7
20 663.75 -260 0 2
60 663.75 -140 0 2
100 663.75 -20 0 2
140 663.75 -20 0 2
220 630 100 0 1
360 506.25 156.044 -453.336 8
280 596.25 87.2363 -373.336 8

Platform at 220 630
Number of edges: 3
180 630 -100 0 1
360 506.25 121.368 -453.336 8
280 596.25 52.3418 -373.336 8

Platform at 1360 630
Number of edges: 7
1500 663.75 200 0 2
1420 663.75 20 0 2
1460 663.75 80 0 2
1320 630 -100 0 1
1260 596.25 -109.93 -310.002 8
1200 562.5 -243.113 -300.002 8
1260 506.25 -86.6912 -453.336 8

Platform at 1320 630
Number of edges: 4
1360 630 100 0 1
1260 596.25 -68.9007 -300.002 8
1200 562.5 -182.335 -300.002 8
1260 506.25 -52.756 -450.003 8

Platform at 1260 596.25
Number of edges: 2
1360 630 80 0 2
1320 630 20 0 2

Platform at 1200 562.5
Number of edges: 4
1360 630 190 0 2
1320 630 190 0 2
1260 596.25 20 0 2
1160 562.5 -100 0 1

Platform at 1260 506.25
Number of edges: 5
1420 663.75 170 0 2
1360 630 50 0 2
1320 630 20 0 2
1220 506.25 -100 0 1
1180 405 -90.3382 -380.003 8

Platform at 360 506.25
Number of edges: 6
180 630 -180 0 2
220 630 -160 0 2
280 596.25 -20 0 2
320 596.25 -20 0 2
400 506.25 100 0 1
460 405 86.8577 -433.336 8

Platform at 420 562.5
Number of edges: 4
400 798.75 -20 0 2
280 596.25 -200 0 2
320 596.25 -80 0 2
460 562.5 100 0 1

Platform at 280 596.25
Number of edges: 5
180 630 -80 0 2
220 630 -20 0 2
360 506.25 69.5456 -423.336 8
420 562.5 262.353 -223.336 8
320 596.25 100 0 1

Platform at 320 596.25
Number of edges: 5
280 596.25 -100 0 1
360 798.75 20 0 2
400 798.75 20 0 2
440 798.75 70 0 2
420 562.5 187.395 -223.336 8

Platform at 460 562.5
Number of edges: 3
420 562.5 -100 0 1
520 540 52.3718 -363.336 8
400 506.25 -58.3157 -363.336 8

Platform at 1160 562.5
Number of edges: 2
1200 562.5 100 0 1
1220 506.25 58.3157 -363.336 8

Platform at 1120 540
Number of edges: 4
1200 562.5 20 0 2
1160 562.5 20 0 2
1220 506.25 104.093 -323.336 8
1080 540 -100 0 1

Platform at 520 540
Number of edges: 4
420 562.5 -100 0 2
460 562.5 -20 0 2
400 506.25 -124.911 -323.336 8
560 540 100 0 1

Platform at 400 506.25
Number of edges: 7
360 506.25 -100 0 1
420 562.5 20 0 2
460 562.5 20 0 2
520 540 130 0 2
560 540 260 0 2
320 337.5 -70.1839 -490.003 8
460 405 52.1146 -433.336 8

Platform at 1220 506.25
Number of edges: 5
1260 506.25 100 0 1
1200 562.5 -20 0 2
1160 562.5 -20 0 2
1120 540 -80 0 2
1080 540 -200 0 2

Platform at 1080 540
Number of edges: 6
1120 540 100 0 1
940 731.25 -70 0 2
980 731.25 -50 0 2
1020 731.25 -20 0 2
1060 731.25 -20 0 2
1140 405 52.7304 -60.0023 8

Platform at 560 540
Number of edges: 4
520 540 -100 0 1
600 731.25 20 0 2
640 731.25 20 0 2
680 731.25 60 0 2

Platform at 1480 371.25
Number of edges: 2
1440 371.25 -100 0 1
1320 337.5 -136.686 -380.003 8

Platform at 1400 371.25
Number of edges: 2
1440 371.25 100 0 1
1320 337.5 -69.789 -373.336 8

Platform at 1440 371.25
Number of edges: 3
1480 371.25 100 0 1
1400 371.25 -100 0 1
1320 337.5 -104.684 -373.336 8

Platform at 80 371.25
Number of edges: 2
120 371.25 100 0 1
240 337.5 136.686 -380.003 8

Platform at 120 371.25
Number of edges: 3
80 371.25 -100 0 1
160 371.25 100 0 1
240 337.5 104.684 -373.336 8

Platform at 160 371.25
Number of edges: 2
120 371.25 -100 0 1
240 337.5 69.789 -373.336 8

Platform at 240 337.5
Number of edges: 4
80 371.25 -260 0 2
120 371.25 -140 0 2
160 371.25 -20 0 2
280 337.5 100 0 1

Platform at 280 337.5
Number of edges: 2
240 337.5 -100 0 1
320 337.5 100 0 1

Platform at 320 337.5
Number of edges: 5
280 337.5 -100 0 1
360 506.25 20 0 2
400 506.25 20 0 2
500 405 230 0 2
460 405 140 0 2

Platform at 1320 337.5
Number of edges: 4
1480 371.25 260 0 2
1400 371.25 20 0 2
1440 371.25 140 0 2
1280 337.5 -100 0 1

Platform at 1240 337.5
Number of edges: 4
1280 337.5 100 0 1
1140 405 -60 0 2
1180 405 -20 0 2
1160 168.75 -70.1839 -490.003 8

Platform at 1280 337.5
Number of edges: 3
1320 337.5 100 0 1
1240 337.5 -100 0 1
1160 168.75 -121.975 -466.669 8

Platform at 1140 405
Number of edges: 4
1120 540 -20 0 2
1080 540 -20 0 2
1240 337.5 120.715 -330.002 8
1180 405 100 0 1

Platform at 1180 405
Number of edges: 4
1140 405 -100 0 1
1260 506.25 20 0 2
1220 506.25 20 0 2
1240 337.5 52.2396 -403.336 8

Platform at 500 405
Number of edges: 4
520 540 20 0 2
560 540 20 0 2
320 337.5 -164.471 -390.003 8
460 405 -100 0 1

Platform at 460 405
Number of edges: 4
500 405 100 0 1
360 506.25 -60 0 2
400 506.25 -20 0 2
320 337.5 -120.49 -406.669 8

Platform at 100 168.75
Number of edges: 1
140 168.75 100 0 1

Platform at 140 168.75
Number of edges: 2
100 168.75 -100 0 1
180 168.75 100 0 1

Platform at 180 168.75
Number of edges: 2
140 168.75 -100 0 1
220 168.75 100 0 1

Platform at 220 168.75
Number of edges: 1
180 168.75 -100 0 1

Platform at 320 168.75
Number of edges: 2
360 168.75 100 0 1
480 168.75 159.999 -300.002 8

Platform at 360 168.75
Number of edges: 2
320 168.75 -100 0 1
480 168.75 119.999 -300.002 8

Platform at 480 168.75
Number of edges: 3
460 405 -20 0 2
360 168.75 -119.999 -300.002 8
680 168.75 199.998 -300.002 8

Platform at 1160 168.75
Number of edges: 5
1240 337.5 20 0 2
1280 337.5 80 0 2
1140 405 -20 0 2
1280 168.75 119.999 -300.002 8
960 168.75 -199.998 -300.002 8

Platform at 1280 168.75
Number of edges: 3
1240 337.5 -20 0 2
1160 168.75 -119.999 -300.002 8
1320 168.75 100 0 1

Platform at 1320 168.75
Number of edges: 2
1280 168.75 -100 0 1
1160 168.75 -159.999 -300.002 8

Platform at 1420 168.75
Number of edges: 1
1460 168.75 100 0 1

Platform at 1460 168.75
Number of edges: 1
1420 168.75 -100 0 1

Platform at 680 168.75
Number of edges: 3
480 168.75 -289.998 -300.002 8
720 168.75 100 0 1
920 168.75 149.998 -300.002 8

Platform at 720 168.75
Number of edges: 2
680 168.75 -100 0 1
920 168.75 109.998 -300.002 8

Platform at 920 168.75
Number of edges: 2
720 168.75 -109.998 -300.002 8
960 168.75 100 0 1

Platform at 960 168.75
Number of edges: 2
920 168.75 -100 0 1
1160 168.75 109.998 -300.002 8

