Platform at 1560 888.75
Number of edges: 0

Platform at 1480 888.75
Number of edges: 2
1320 888.75 -141.733 -338.665 8
1300 798.75 -230.872 -349.332 8

Platform at 1320 888.75
Number of edges: 1
1280 888.75 -160 0 1

Platform at 0 888.75
Number of edges: 0

Platform at 80 888.75
Number of edges: 1
280 798.75 256.525 -349.332 8

Platform at 160 888.75
Number of edges: 2
200 888.75 160 0 1
280 798.75 153.915 -349.332 8

Platform at 200 888.75
Number of edges: 3
160 888.75 -160 0 1
240 888.75 160 0 1
280 798.75 102.61 -349.332 8

Platform at 240 888.75
Number of edges: 2
200 888.75 -160 0 1
280 888.75 160 0 1

Platform at 280 888.75
Number of edges: 2
240 888.75 -160 0 1
320 888.75 160 0 1

Platform at 320 888.75
Number of edges: 2
280 888.75 -160 0 1
360 888.75 160 0 1

Platform at 360 888.75
Number of edges: 2
320 888.75 -160 0 1
400 888.75 160 0 1

Platform at 400 888.75
Number of edges: 2
360 888.75 -160 0 1
440 888.75 160 0 1

Platform at 440 888.75
Number of edges: 2
400 888.75 -160 0 1
480 888.75 160 0 1

Platform at 480 888.75
Number of edges: 2
440 888.75 -160 0 1
520 888.75 160 0 1

Platform at 520 888.75
Number of edges: 2
480 888.75 -160 0 1
560 888.75 160 0 1

Platform at 560 888.75
Number of edges: 2
520 888.75 -160 0 1
600 888.75 160 0 1

Platform at 600 888.75
Number of edges: 2
560 888.75 -160 0 1
640 888.75 160 0 1

Platform at 640 888.75
Number of edges: 2
600 888.75 -160 0 1
680 888.75 160 0 1

Platform at 680 888.75
Number of edges: 2
640 888.75 -160 0 1
720 888.75 160 0 1

Platform at 720 888.75
Number of edges: 1
680 888.75 -160 0 1

Platform at 760 888.75
Number of edges: 0

Platform at 800 888.75
Number of edges: 1
840 888.75 160 0 1

Platform at 840 888.75
Number of edges: 1
800 888.75 -160 0 1

Platform at 880 888.75
Number of edges: 0

Platform at 920 888.75
Number of edges: 2
960 888.75 160 0 1
980 821.25 65.2296 -349.332 8

Platform at 960 888.75
Number of edges: 2
920 888.75 -160 0 1
1000 888.75 160 0 1

Platform at 1000 888.75
Number of edges: 2
960 888.75 -160 0 1
1040 888.75 160 0 1

Platform at 1040 888.75
Number of edges: 2
1000 888.75 -160 0 1
1080 888.75 160 0 1

Platform at 1080 888.75
Number of edges: 2
1040 888.75 -160 0 1
1120 888.75 160 0 1

Platform at 1120 888.75
Number of edges: 2
1080 888.75 -160 0 1
1160 888.75 160 0 1

Platform at 1160 888.75
Number of edges: 2
1120 888.75 -160 0 1
1200 888.75 160 0 1

Platform at 1200 888.75
Number of edges: 2
1160 888.75 -160 0 1
1240 888.75 160 0 1

Platform at 1240 888.75
Number of edges: 2
1200 888.75 -160 0 1
1280 888.75 160 0 1

Platform at 1280 888.75
Number of edges: 2
1320 888.75 160 0 1
1240 888.75 -160 0 1

Platform at 0 45
Number of edges: 1
40 45 160 0 1

Platform at 40 45
Number of edges: 2
0 45 -160 0 1
80 45 160 0 1

Platform at 80 45
Number of edges: 2
40 45 -160 0 1
120 45 160 0 1

Platform at 120 45
Number of edges: 2
80 45 -160 0 1
160 45 160 0 1

Platform at 160 45
Number of edges: 2
120 45 -160 0 1
200 45 160 0 1

Platform at 200 45
Number of edges: 2
160 45 -160 0 1
240 45 160 0 1

Platform at 240 45
Number of edges: 2
200 45 -160 0 1
280 45 160 0 1

Platform at 280 45
Number of edges: 2
240 45 -160 0 1
320 45 160 0 1

Platform at 320 45
Number of edges: 2
280 45 -160 0 1
360 45 160 0 1

Platform at 360 45
Number of edges: 2
320 45 -160 0 1
400 45 160 0 1

Platform at 400 45
Number of edges: 2
360 45 -160 0 1
440 45 160 0 1

Platform at 440 45
Number of edges: 2
400 45 -160 0 1
480 45 160 0 1

Platform at 480 45
Number of edges: 2
440 45 -160 0 1
520 45 160 0 1

Platform at 520 45
Number of edges: 2
480 45 -160 0 1
560 45 160 0 1

Platform at 560 45
Number of edges: 2
520 45 -160 0 1
600 45 160 0 1

Platform at 600 45
Number of edges: 2
560 45 -160 0 1
640 45 160 0 1

Platform at 640 45
Number of edges: 2
600 45 -160 0 1
680 45 160 0 1

Platform at 680 45
Number of edges: 2
640 45 -160 0 1
720 45 160 0 1

Platform at 720 45
Number of edges: 2
680 45 -160 0 1
760 45 160 0 1

Platform at 760 45
Number of edges: 2
720 45 -160 0 1
800 45 160 0 1

Platform at 800 45
Number of edges: 2
760 45 -160 0 1
840 45 160 0 1

Platform at 840 45
Number of edges: 2
800 45 -160 0 1
880 45 160 0 1

Platform at 880 45
Number of edges: 2
840 45 -160 0 1
920 45 160 0 1

Platform at 920 45
Number of edges: 2
880 45 -160 0 1
960 45 160 0 1

Platform at 960 45
Number of edges: 2
920 45 -160 0 1
1000 45 160 0 1

Platform at 1000 45
Number of edges: 2
960 45 -160 0 1
1040 45 160 0 1

Platform at 1040 45
Number of edges: 2
1000 45 -160 0 1
1080 45 160 0 1

Platform at 1080 45
Number of edges: 2
1040 45 -160 0 1
1120 45 160 0 1

Platform at 1120 45
Number of edges: 2
1080 45 -160 0 1
1160 45 160 0 1

Platform at 1160 45
Number of edges: 2
1120 45 -160 0 1
1200 45 160 0 1

Platform at 1200 45
Number of edges: 2
1160 45 -160 0 1
1240 45 160 0 1

Platform at 1240 45
Number of edges: 2
1200 45 -160 0 1
1280 45 160 0 1

Platform at 1280 45
Number of edges: 2
1240 45 -160 0 1
1320 45 160 0 1

Platform at 1320 45
Number of edges: 2
1280 45 -160 0 1
1360 45 160 0 1

Platform at 1360 45
Number of edges: 2
1320 45 -160 0 1
1400 45 160 0 1

Platform at 1400 45
Number of edges: 2
1360 45 -160 0 1
1440 45 160 0 1

Platform at 1440 45
Number of edges: 2
1400 45 -160 0 1
1480 45 160 0 1

Platform at 1480 45
Number of edges: 2
1440 45 -160 0 1
1520 45 160 0 1

Platform at 1520 45
Number of edges: 2
1480 45 -160 0 1
1560 45 160 0 1

Platform at 1560 45
Number of edges: 1
1520 45 -160 0 1

Platform at 20 731.25
Number of edges: 1
60 731.25 160 0 1

Platform at 60 731.25
Number of edges: 2
20 731.25 -160 0 1
100 731.25 160 0 1

Platform at 100 731.25
Number of edges: 2
60 731.25 -160 0 1
140 731.25 160 0 1

Platform at 140 731.25
Number of edges: 2
100 731.25 -160 0 1
180 731.25 160 0 1

Platform at 180 731.25
Number of edges: 2
140 731.25 -160 0 1
220 731.25 160 0 1

Platform at 220 731.25
Number of edges: 2
180 731.25 -160 0 1
260 731.25 160 0 1

Platform at 260 731.25
Number of edges: 7
220 731.25 -160 0 1
280 798.75 50 0 2
320 798.75 50 0 2
360 798.75 80 0 2
400 798.75 160 0 2
440 798.75 250 0 2
480 798.75 330 0 2

Platform at 1540 731.25
Number of edges: 1
1500 731.25 -160 0 1

Platform at 1300 731.25
Number of edges: 7
1340 731.25 160 0 1
1100 731.25 -189.076 -317.332 8
1100 798.75 -290 0 2
1140 798.75 -210 0 2
1180 798.75 -120 0 2
1220 798.75 -50 0 2
1260 798.75 -50 0 2

Platform at 1340 731.25
Number of edges: 3
1300 731.25 -160 0 1
1380 731.25 160 0 1
1100 731.25 -257.144 -279.999 8

Platform at 1380 731.25
Number of edges: 2
1340 731.25 -160 0 1
1420 731.25 160 0 1

Platform at 1420 731.25
Number of edges: 2
1380 731.25 -160 0 1
1460 731.25 160 0 1

Platform at 1460 731.25
Number of edges: 2
1420 731.25 -160 0 1
1500 731.25 160 0 1

Platform at 1500 731.25
Number of edges: 2
1540 731.25 160 0 1
1460 731.25 -160 0 1

Platform at 520 731.25
Number of edges: 6
560 731.25 160 0 1
320 798.75 -290 0 2
360 798.75 -210 0 2
400 798.75 -120 0 2
440 798.75 -50 0 2
480 798.75 -50 0 2

Platform at 560 731.25
Number of edges: 2
520 731.25 -160 0 1
600 731.25 160 0 1

Platform at 600 731.25
Number of edges: 2
560 731.25 -160 0 1
640 731.25 160 0 1

Platform at 640 731.25
Number of edges: 3
600 731.25 -160 0 1
680 731.25 160 0 1
560 540 -71.4694 -506.665 8

Platform at 680 731.25
Number of edges: 4
640 731.25 -160 0 1
720 731.25 160 0 1
900 731.25 193.36 -341.332 8
560 540 -107.204 -506.665 8

Platform at 720 731.25
Number of edges: 5
680 731.25 -160 0 1
900 731.25 159.45 -338.665 8
880 843.75 240 0 2
760 843.75 50 0 2
820 787.5 80 0 2

Platform at 900 731.25
Number of edges: 4
720 731.25 -159.45 -338.665 8
940 731.25 160 0 1
760 843.75 -190 0 2
820 787.5 -50 0 2

Platform at 940 731.25
Number of edges: 4
900 731.25 -160 0 1
720 731.25 -193.36 -341.332 8
980 731.25 160 0 1
1080 540 125.072 -506.665 8

Platform at 980 731.25
Number of edges: 3
940 731.25 -160 0 1
1020 731.25 160 0 1
1080 540 89.3368 -506.665 8

Platform at 1020 731.25
Number of edges: 3
980 731.25 -160 0 1
1060 731.25 160 0 1
1080 540 53.6021 -506.665 8

Platform at 1060 731.25
Number of edges: 3
1020 731.25 -160 0 1
1300 731.25 210.938 -341.332 8
1100 731.25 160 0 1

Platform at 1100 731.25
Number of edges: 7
1060 731.25 -160 0 1
1300 731.25 181.452 -330.665 8
1140 798.75 50 0 2
1180 798.75 50 0 2
1220 798.75 120 0 2
1260 798.75 210 0 2
1300 798.75 290 0 2

Platform at 880 843.75
Number of edges: 8
800 888.75 -50 0 2
840 888.75 -50 0 2
920 888.75 50 0 2
960 888.75 50 0 2
720 731.25 -140.748 -439.998 8
820 787.5 -68.1552 -327.999 8
1100 798.75 346.555 -261.332 8
980 821.25 129.159 -261.332 8

Platform at 760 843.75
Number of edges: 6
800 888.75 50 0 2
840 888.75 50 0 2
900 731.25 123.155 -439.998 8
820 787.5 52.9961 -389.332 8
560 798.75 -315.05 -261.332 8
680 821.25 -103.327 -261.332 8

Platform at 820 787.5
Number of edges: 9
920 888.75 150 0 2
960 888.75 150 0 2
720 731.25 -88.3268 -389.332 8
900 731.25 70.6614 -389.332 8
880 843.75 50 0 2
760 843.75 -50 0 2
980 821.25 270 0 2
680 821.25 -210 0 2
640 821.25 -340 0 2

Platform at 1100 798.75
Number of edges: 3
1140 798.75 160 0 1
980 821.25 -200 0 2
1020 821.25 -50 0 2

Platform at 1140 798.75
Number of edges: 3
1100 798.75 -160 0 1
1300 731.25 140.956 -399.998 8
1180 798.75 160 0 1

Platform at 1180 798.75
Number of edges: 4
1140 798.75 -160 0 1
1300 731.25 105.717 -399.998 8
1100 731.25 -71.1543 -397.332 8
1220 798.75 160 0 1

Platform at 1220 798.75
Number of edges: 4
1180 798.75 -160 0 1
1300 731.25 71.1543 -397.332 8
1100 731.25 -105.717 -399.998 8
1260 798.75 160 0 1

Platform at 1260 798.75
Number of edges: 3
1220 798.75 -160 0 1
1100 731.25 -140.956 -399.998 8
1300 798.75 160 0 1

Platform at 1300 798.75
Number of edges: 2
1260 798.75 -160 0 1
1480 888.75 220 0 2

Platform at 560 798.75
Number of edges: 3
520 798.75 -160 0 1
680 821.25 200 0 2
640 821.25 50 0 2

Platform at 280 798.75
Number of edges: 5
80 888.75 -250 0 2
160 888.75 -110 0 2
200 888.75 -50 0 2
240 888.75 -50 0 2
320 798.75 160 0 1

Platform at 320 798.75
Number of edges: 4
280 798.75 -160 0 1
260 731.25 -53.3657 -397.332 8
520 731.25 176.195 -399.998 8
360 798.75 160 0 1

Platform at 360 798.75
Number of edges: 4
320 798.75 -160 0 1
260 731.25 -88.0973 -399.998 8
520 731.25 140.956 -399.998 8
400 798.75 160 0 1

Platform at 400 798.75
Number of edges: 5
360 798.75 -160 0 1
260 731.25 -123.336 -399.998 8
520 731.25 105.717 -399.998 8
440 798.75 160 0 1
320 596.25 -71.1875 -517.331 8

Platform at 440 798.75
Number of edges: 5
400 798.75 -160 0 1
260 731.25 -158.575 -399.998 8
520 731.25 71.1543 -397.332 8
480 798.75 160 0 1
320 596.25 -115.431 -506.665 8

Platform at 480 798.75
Number of edges: 3
440 798.75 -160 0 1
260 731.25 -193.814 -399.998 8
520 798.75 160 0 1

Platform at 520 798.75
Number of edges: 2
560 798.75 160 0 1
480 798.75 -160 0 1

Platform at 980 821.25
Number of edges: 5
920 888.75 -50 0 2
960 888.75 -50 0 2
880 843.75 -120 0 2
1100 798.75 224.092 -202.665 8
1020 821.25 160 0 1

Platform at 1020 821.25
Number of edges: 2
980 821.25 -160 0 1
1100 798.75 149.395 -202.665 8

Platform at 680 821.25
Number of edges: 4
760 843.75 50 0 2
820 787.5 295.652 -213.332 8
560 798.75 -224.092 -202.665 8
640 821.25 -160 0 1

Platform at 640 821.25
Number of edges: 2
680 821.25 160 0 1
560 798.75 -149.395 -202.665 8

Platform at 20 663.75
Number of edges: 1
60 663.75 160 0 1

Platform at 1540 663.75
Number of edges: 1
1500 663.75 -160 0 1

Platform at 1500 663.75
Number of edges: 3
1540 663.75 160 0 1
1460 663.75 -160 0 1
1360 630 -149.283 -317.332 8

Platform at 1420 663.75
Number of edges: 4
1460 663.75 160 0 1
1360 630 -53.247 -367.998 8
1260 596.25 -140.956 -399.998 8
1260 506.25 -142.344 -477.331 8

Platform at 1460 663.75
Number of edges: 4
1500 663.75 160 0 1
1420 663.75 -160 0 1
1360 630 -88.7451 -367.998 8
1260 596.25 -176.195 -399.998 8

Platform at 60 663.75
Number of edges: 4
20 663.75 -160 0 1
100 663.75 160 0 1
180 630 135.377 -303.999 8
280 596.25 203.575 -386.665 8

Platform at 100 663.75
Number of edges: 4
60 663.75 -160 0 1
140 663.75 160 0 1
180 630 70.9961 -367.998 8
280 596.25 158.575 -399.998 8

Platform at 140 663.75
Number of edges: 1
100 663.75 -160 0 1

Platform at 180 630
Number of edges: 7
20 663.75 -280 0 2
60 663.75 -160 0 2
100 663.75 -50 0 2
140 663.75 -50 0 2
220 630 160 0 1
360 506.25 157.819 -450.665 8
280 596.25 88.7451 -367.998 8

Platform at 220 630
Number of edges: 3
180 630 -160 0 1
360 506.25 122.748 -450.665 8
280 596.25 53.247 -367.998 8

Platform at 1360 630
Number of edges: 7
1540 663.75 340 0 2
1500 663.75 220 0 2
1420 663.75 50 0 2
1460 663.75 110 0 2
1320 630 -160 0 1
1260 596.25 -115.529 -298.665 8
1260 506.25 -87.6772 -450.665 8

Platform at 1320 630
Number of edges: 3
1360 630 160 0 1
1260 596.25 -73.8302 -285.332 8
1260 506.25 -53.2169 -447.998 8

Platform at 1260 596.25
Number of edges: 4
1420 663.75 310 0 2
1460 663.75 310 0 2
1360 630 110 0 2
1320 630 50 0 2

Platform at 1200 562.5
Number of edges: 4
1360 630 210 0 2
1320 630 190 0 2
1260 596.25 50 0 2
1160 562.5 -160 0 1

Platform at 1260 506.25
Number of edges: 5
1420 663.75 170 0 2
1360 630 70 0 2
1320 630 50 0 2
1220 506.25 -160 0 1
1180 405 -98.7668 -367.998 8

Platform at 360 506.25
Number of edges: 6
180 630 -190 0 2
220 630 -160 0 2
280 596.25 -50 0 2
320 596.25 -50 0 2
400 506.25 160 0 1
460 405 88.2377 -429.331 8

Platform at 420 562.5
Number of edges: 3
280 596.25 -220 0 2
320 596.25 -100 0 2
460 562.5 160 0 1

Platform at 280 596.25
Number of edges: 6
60 663.75 -330 0 2
100 663.75 -310 0 2
180 630 -110 0 2
220 630 -50 0 2
360 506.25 70.7913 -418.665 8
320 596.25 160 0 1

Platform at 320 596.25
Number of edges: 4
280 596.25 -160 0 1
360 798.75 50 0 2
400 798.75 50 0 2
440 798.75 80 0 2

Platform at 460 562.5
Number of edges: 3
420 562.5 -160 0 1
520 540 54.7441 -349.332 8
400 506.25 -61.765 -349.332 8

Platform at 1160 562.5
Number of edges: 3
1200 562.5 160 0 1
1120 540 -50.3472 -266.665 8
1220 506.25 61.765 -349.332 8

Platform at 1120 540
Number of edges: 4
1200 562.5 50 0 2
1160 562.5 50 0 2
1220 506.25 110.244 -309.332 8
1080 540 -160 0 1

Platform at 520 540
Number of edges: 4
420 562.5 -120 0 2
460 562.5 -50 0 2
400 506.25 -132.292 -309.332 8
560 540 160 0 1

Platform at 400 506.25
Number of edges: 7
360 506.25 -160 0 1
420 562.5 50 0 2
460 562.5 50 0 2
520 540 160 0 2
560 540 280 0 2
320 337.5 -70.9232 -487.998 8
460 405 53.5141 -426.665 8

Platform at 1220 506.25
Number of edges: 5
1260 506.25 160 0 1
1200 562.5 -50 0 2
1160 562.5 -50 0 2
1120 540 -100 0 2
1080 540 -220 0 2

Platform at 1080 540
Number of edges: 5
1120 540 160 0 1
940 731.25 -80 0 2
980 731.25 -50 0 2
1020 731.25 -50 0 2
1140 405 53.0499 -58.6653 8

Platform at 560 540
Number of edges: 4
520 540 -160 0 1
600 731.25 50 0 2
640 731.25 50 0 2
680 731.25 70 0 2

Platform at 1480 371.25
Number of edges: 2
1440 371.25 -160 0 1
1320 337.5 -140.775 -370.665 8

Platform at 1400 371.25
Number of edges: 2
1440 371.25 160 0 1
1320 337.5 -70.9961 -367.998 8

Platform at 1440 371.25
Number of edges: 3
1480 371.25 160 0 1
1400 371.25 -160 0 1
1320 337.5 -106.494 -367.998 8

Platform at 80 371.25
Number of edges: 2
120 371.25 160 0 1
240 337.5 140.775 -370.665 8

Platform at 120 371.25
Number of edges: 3
80 371.25 -160 0 1
160 371.25 160 0 1
240 337.5 106.494 -367.998 8

Platform at 160 371.25
Number of edges: 2
120 371.25 -160 0 1
240 337.5 70.9961 -367.998 8

Platform at 240 337.5
Number of edges: 4
80 371.25 -280 0 2
120 371.25 -160 0 2
160 371.25 -50 0 2
280 337.5 160 0 1

Platform at 280 337.5
Number of edges: 2
240 337.5 -160 0 1
320 337.5 160 0 1

Platform at 320 337.5
Number of edges: 5
280 337.5 -160 0 1
360 506.25 50 0 2
400 506.25 50 0 2
500 405 250 0 2
460 405 160 0 2

Platform at 1320 337.5
Number of edges: 4
1480 371.25 280 0 2
1400 371.25 50 0 2
1440 371.25 160 0 2
1280 337.5 -160 0 1

Platform at 1240 337.5
Number of edges: 4
1280 337.5 160 0 1
1140 405 -80 0 2
1180 405 -50 0 2
1160 168.75 -70.9232 -487.998 8

Platform at 1280 337.5
Number of edges: 3
1320 337.5 160 0 1
1240 337.5 -160 0 1
1160 168.75 -119.474 -469.331 8

Platform at 1140 405
Number of edges: 3
1080 540 -50 0 2
1240 337.5 124.239 -325.332 8
1180 405 160 0 1

Platform at 1180 405
Number of edges: 4
1140 405 -160 0 1
1260 506.25 50 0 2
1220 506.25 50 0 2
1240 337.5 53.3657 -397.332 8

Platform at 500 405
Number of edges: 3
560 540 50 0 2
320 337.5 -166.562 -386.665 8
460 405 -160 0 1

Platform at 460 405
Number of edges: 4
500 405 160 0 1
360 506.25 -70 0 2
400 506.25 -50 0 2
320 337.5 -123.336 -399.998 8

Platform at 100 168.75
Number of edges: 1
140 168.75 160 0 1

Platform at 140 168.75
Number of edges: 2
100 168.75 -160 0 1
180 168.75 160 0 1

Platform at 180 168.75
Number of edges: 2
140 168.75 -160 0 1
220 168.75 160 0 1

Platform at 220 168.75
Number of edges: 1
180 168.75 -160 0 1

Platform at 320 168.75
Number of edges: 2
360 168.75 160 0 1
480 168.75 168.225 -285.332 8

Platform at 360 168.75
Number of edges: 2
320 168.75 -160 0 1
480 168.75 126.169 -285.332 8

Platform at 480 168.75
Number of edges: 2
360 168.75 -126.169 -285.332 8
680 168.75 210.281 -285.332 8

Platform at 1160 168.75
Number of edges: 4
1240 337.5 50 0 2
1280 337.5 90 0 2
1280 168.75 126.169 -285.332 8
960 168.75 -210.281 -285.332 8

Platform at 1280 168.75
Number of edges: 3
1240 337.5 -50 0 2
1160 168.75 -126.169 -285.332 8
1320 168.75 160 0 1

Platform at 1320 168.75
Number of edges: 2
1280 168.75 -160 0 1
1160 168.75 -168.225 -285.332 8

Platform at 1420 168.75
Number of edges: 1
1460 168.75 160 0 1

Platform at 1460 168.75
Number of edges: 1
1420 168.75 -160 0 1

Platform at 680 168.75
Number of edges: 3
480 168.75 -300.281 -285.332 8
720 168.75 160 0 1
920 168.75 162.338 -285.332 8

Platform at 720 168.75
Number of edges: 3
680 168.75 -160 0 1
480 168.75 -342.338 -285.332 8
920 168.75 120.281 -285.332 8

Platform at 920 168.75
Number of edges: 3
1160 168.75 342.338 -285.332 8
720 168.75 -120.281 -285.332 8
960 168.75 160 0 1

Platform at 960 168.75
Number of edges: 3
920 168.75 -160 0 1
1160 168.75 120.281 -285.332 8
720 168.75 -342.338 -285.332 8

