Platform at 120 888.75
Number of edges: 0

Platform at 160 888.75
Number of edges: 2
200 888.75 100 0 1
100 877.5 -52.4001 -353.336 8

Platform at 200 888.75
Number of edges: 3
160 888.75 -100 0 1
240 888.75 100 0 1
100 877.5 -87.3335 -353.336 8

Platform at 240 888.75
Number of edges: 3
200 888.75 -100 0 1
280 888.75 100 0 1
100 877.5 -142.258 -306.669 8

Platform at 280 888.75
Number of edges: 3
240 888.75 -100 0 1
320 888.75 100 0 1
100 877.5 -187.308 -300.002 8

Platform at 320 888.75
Number of edges: 3
280 888.75 -100 0 1
480 888.75 248.273 -193.336 8
100 877.5 -228.932 -300.002 8

Platform at 480 888.75
Number of edges: 2
320 888.75 -248.273 -193.336 8
520 888.75 100 0 1

Platform at 520 888.75
Number of edges: 2
480 888.75 -100 0 1
560 888.75 100 0 1

Platform at 560 888.75
Number of edges: 2
520 888.75 -100 0 1
600 888.75 100 0 1

Platform at 600 888.75
Number of edges: 2
560 888.75 -100 0 1
640 888.75 100 0 1

Platform at 640 888.75
Number of edges: 2
600 888.75 -100 0 1
680 888.75 100 0 1

Platform at 680 888.75
Number of edges: 2
640 888.75 -100 0 1
720 888.75 100 0 1

Platform at 720 888.75
Number of edges: 3
680 888.75 -100 0 1
760 888.75 100 0 1
660 832.5 -52.2758 -393.336 8

Platform at 760 888.75
Number of edges: 2
720 888.75 -100 0 1
800 888.75 100 0 1

Platform at 800 888.75
Number of edges: 2
760 888.75 -100 0 1
840 888.75 100 0 1

Platform at 840 888.75
Number of edges: 2
800 888.75 -100 0 1
880 888.75 100 0 1

Platform at 880 888.75
Number of edges: 2
840 888.75 -100 0 1
920 888.75 100 0 1

Platform at 920 888.75
Number of edges: 2
880 888.75 -100 0 1
960 888.75 100 0 1

Platform at 960 888.75
Number of edges: 3
920 888.75 -100 0 1
1000 888.75 100 0 1
880 810 -113.324 -323.336 8

Platform at 1000 888.75
Number of edges: 3
960 888.75 -100 0 1
1040 888.75 100 0 1
880 810 -169.986 -323.336 8

Platform at 1040 888.75
Number of edges: 3
1000 888.75 -100 0 1
1080 888.75 100 0 1
880 810 -226.647 -323.336 8

Platform at 1080 888.75
Number of edges: 4
1040 888.75 -100 0 1
1120 888.75 100 0 1
880 810 -283.309 -323.336 8
1000 753.75 -82.5682 -430.003 8

Platform at 1120 888.75
Number of edges: 3
1080 888.75 -100 0 1
1160 888.75 100 0 1
1000 753.75 -123.852 -430.003 8

Platform at 1160 888.75
Number of edges: 3
1120 888.75 -100 0 1
1200 888.75 100 0 1
1000 753.75 -165.136 -430.003 8

Platform at 1200 888.75
Number of edges: 3
1160 888.75 -100 0 1
1240 888.75 100 0 1
1000 753.75 -206.42 -430.003 8

Platform at 1240 888.75
Number of edges: 3
1200 888.75 -100 0 1
1280 888.75 100 0 1
1460 877.5 190.234 -356.669 8

Platform at 1280 888.75
Number of edges: 4
1240 888.75 -100 0 1
1320 888.75 100 0 1
1460 877.5 155.646 -356.669 8
1500 866.25 186.292 -373.336 8

Platform at 1320 888.75
Number of edges: 4
1280 888.75 -100 0 1
1360 888.75 100 0 1
1460 877.5 121.058 -356.669 8
1500 866.25 157.115 -363.336 8

Platform at 1360 888.75
Number of edges: 4
1320 888.75 -100 0 1
1400 888.75 100 0 1
1460 877.5 87.3335 -353.336 8
1500 866.25 122.201 -363.336 8

Platform at 1400 888.75
Number of edges: 3
1360 888.75 -100 0 1
1460 877.5 52.4001 -353.336 8
1500 866.25 87.2863 -363.336 8

Platform at 1440 888.75
Number of edges: 0

Platform at 60 708.75
Number of edges: 1
100 708.75 100 0 1

Platform at 100 708.75
Number of edges: 2
60 708.75 -100 0 1
140 708.75 100 0 1

Platform at 140 708.75
Number of edges: 3
100 708.75 -100 0 1
180 708.75 100 0 1
360 708.75 190.383 -346.669 8

Platform at 180 708.75
Number of edges: 5
140 708.75 -100 0 1
300 765 110 0 2
220 765 20 0 2
260 765 20 0 2
360 708.75 155.768 -346.669 8

Platform at 20 877.5
Number of edges: 2
60 877.5 100 0 1
220 765 273.028 -373.336 8

Platform at 60 877.5
Number of edges: 3
20 877.5 -100 0 1
100 877.5 100 0 1
220 765 218.423 -373.336 8

Platform at 100 877.5
Number of edges: 5
60 877.5 -100 0 1
120 888.75 20 0 2
160 888.75 20 0 2
200 888.75 130 0 2
220 765 163.817 -373.336 8

Platform at 1540 877.5
Number of edges: 1
1500 866.25 -34.2495 -360.003 8

Platform at 1460 877.5
Number of edges: 4
1360 888.75 -130 0 2
1400 888.75 -20 0 2
1440 888.75 -20 0 2
1500 866.25 34.2495 -360.003 8

Platform at 1500 866.25
Number of edges: 5
1360 888.75 -240 0 2
1400 888.75 -220 0 2
1440 888.75 -220 0 2
1540 877.5 20 0 2
1460 877.5 -20 0 2

Platform at 580 832.5
Number of edges: 5
620 832.5 100 0 1
760 810 157.115 -363.336 8
760 686.25 198.474 -433.336 8
500 810 -69.8291 -363.336 8
480 708.75 -106.605 -413.336 8

Platform at 620 832.5
Number of edges: 6
580 832.5 -100 0 1
660 832.5 100 0 1
760 810 122.201 -363.336 8
760 686.25 136.735 -450.003 8
500 810 -104.744 -363.336 8
480 708.75 -149.247 -413.336 8

Platform at 660 832.5
Number of edges: 8
620 832.5 -100 0 1
680 888.75 20 0 2
720 888.75 20 0 2
760 888.75 70 0 2
760 810 87.2863 -363.336 8
760 686.25 87.8372 -470.003 8
500 810 -139.658 -363.336 8
480 708.75 -191.89 -413.336 8

Platform at 760 810
Number of edges: 6
680 888.75 -20 0 2
720 888.75 -20 0 2
620 832.5 -240 0 2
660 832.5 -90 0 2
800 810 100 0 1
920 753.75 200.367 -310.002 8

Platform at 800 810
Number of edges: 3
760 810 -100 0 1
840 810 100 0 1
920 753.75 128.727 -340.002 8

Platform at 840 810
Number of edges: 3
800 810 -100 0 1
880 810 100 0 1
920 753.75 69.7011 -393.336 8

Platform at 880 810
Number of edges: 7
840 810 -100 0 1
920 888.75 20 0 2
960 888.75 20 0 2
1000 888.75 100 0 2
1040 888.75 180 0 2
1080 888.75 250 0 2
800 686.25 -69.353 -453.336 8

Platform at 920 753.75
Number of edges: 6
760 810 -200 0 2
800 810 -110 0 2
840 810 -20 0 2
880 810 -20 0 2
960 753.75 100 0 1
800 686.25 -117.082 -373.336 8

Platform at 960 753.75
Number of edges: 3
920 753.75 -100 0 1
1000 753.75 100 0 1
800 686.25 -156.109 -373.336 8

Platform at 1000 753.75
Number of edges: 6
960 753.75 -100 0 1
1040 888.75 20 0 2
1080 888.75 20 0 2
1120 888.75 80 0 2
1160 888.75 140 0 2
1200 888.75 200 0 2

Platform at 1080 686.25
Number of edges: 0

Platform at 1120 641.25
Number of edges: 3
1080 686.25 -20 0 2
1160 641.25 100 0 1
1040 585 -69.7011 -393.336 8

Platform at 1160 641.25
Number of edges: 3
1120 641.25 -100 0 1
1200 641.25 100 0 1
1040 585 -103.387 -396.669 8

Platform at 1200 641.25
Number of edges: 2
1160 641.25 -100 0 1
1040 585 -137.849 -396.669 8

Platform at 1040 585
Number of edges: 5
1120 641.25 20 0 2
1160 641.25 110 0 2
1200 641.25 200 0 2
1000 585 -100 0 1
980 438.75 -52.7023 -470.003 8

Platform at 1000 585
Number of edges: 2
1040 585 100 0 1
1080 438.75 73.8451 -460.003 8

Platform at 840 585
Number of edges: 2
800 585 -100 0 1
700 472.5 -121.489 -443.336 8

Platform at 800 585
Number of edges: 4
840 585 100 0 1
860 438.75 52.7025 -70.0023 8
700 472.5 -86.7778 -43.3357 8
760 585 -100 0 1

Platform at 760 585
Number of edges: 4
800 585 100 0 1
720 585 -100 0 1
860 438.75 87.8372 -470.003 8
700 472.5 -52.7796 -440.003 8

Platform at 720 585
Number of edges: 6
760 585 100 0 1
860 438.75 121.095 -473.336 8
520 641.25 -290 0 2
560 641.25 -200 0 2
600 641.25 -110 0 2
640 641.25 -20 0 2

Platform at 660 472.5
Number of edges: 4
620 472.5 -100 0 1
860 438.75 193.079 -343.336 8
480 427.5 -176.548 -350.002 8
700 472.5 100 0 1

Platform at 540 472.5
Number of edges: 4
580 472.5 100 0 1
480 427.5 -52.3098 -383.336 8
420 326.25 -119.674 -446.669 8
620 326.25 79.7829 -446.669 8

Platform at 580 472.5
Number of edges: 4
540 472.5 -100 0 1
620 472.5 100 0 1
480 427.5 -87.1831 -383.336 8
420 326.25 -163.151 -443.336 8

Platform at 620 472.5
Number of edges: 3
660 472.5 100 0 1
580 472.5 -100 0 1
480 427.5 -122.056 -383.336 8

Platform at 860 438.75
Number of edges: 8
840 585 -20 0 2
800 585 -20 0 2
760 585 -50 0 2
720 585 -110 0 2
900 438.75 100 0 1
1080 438.75 247.498 -266.669 8
1000 326.25 191.12 -373.336 8
700 472.5 -240 0 2

Platform at 900 438.75
Number of edges: 4
860 438.75 -100 0 1
940 438.75 100 0 1
1080 438.75 202.498 -266.669 8
1000 326.25 86.7776 -443.336 8

Platform at 940 438.75
Number of edges: 5
900 438.75 -100 0 1
980 438.75 100 0 1
1080 438.75 157.499 -266.669 8
860 326.25 -69.4221 -443.336 8
1000 326.25 52.7796 -440.003 8

Platform at 980 438.75
Number of edges: 5
940 438.75 -100 0 1
1040 585 20 0 2
1000 585 20 0 2
1080 438.75 112.499 -266.669 8
860 326.25 -108.585 -433.336 8

Platform at 480 427.5
Number of edges: 6
660 472.5 280 0 2
540 472.5 20 0 2
580 472.5 70 0 2
620 472.5 180 0 2
440 427.5 -100 0 1
620 326.25 158.092 -380.003 8

Platform at 360 427.5
Number of edges: 2
400 427.5 100 0 1
240 427.5 -142.104 -253.336 8

Platform at 400 427.5
Number of edges: 3
360 427.5 -100 0 1
440 427.5 100 0 1
240 427.5 -189.472 -253.336 8

Platform at 440 427.5
Number of edges: 4
480 427.5 100 0 1
400 427.5 -100 0 1
240 427.5 -290.319 -206.669 8
620 326.25 218.576 -370.003 8

Platform at 1080 438.75
Number of edges: 4
1040 585 -20 0 2
1000 585 -20 0 2
980 438.75 -111.11 -270.002 8
1120 438.75 100 0 1

Platform at 1120 438.75
Number of edges: 3
1080 438.75 -100 0 1
980 438.75 -157.499 -266.669 8
1160 438.75 100 0 1

Platform at 1160 438.75
Number of edges: 3
1120 438.75 -100 0 1
980 438.75 -202.498 -266.669 8
1200 438.75 100 0 1

Platform at 1200 438.75
Number of edges: 3
1160 438.75 -100 0 1
980 438.75 -247.498 -266.669 8
1240 438.75 100 0 1

Platform at 1240 438.75
Number of edges: 2
1200 438.75 -100 0 1
1280 438.75 100 0 1

Platform at 1280 438.75
Number of edges: 3
1240 438.75 -100 0 1
1320 438.75 100 0 1
1420 382.5 211.918 -283.336 8

Platform at 1320 438.75
Number of edges: 4
1280 438.75 -100 0 1
1360 438.75 100 0 1
1540 348.75 231.256 -380.003 8
1420 382.5 130.463 -303.336 8

Platform at 1360 438.75
Number of edges: 3
1320 438.75 -100 0 1
1460 438.75 290.316 -103.336 8
1420 382.5 54.7683 -380.003 8

Platform at 1540 438.75
Number of edges: 1
1500 438.75 -100 0 1

Platform at 1460 438.75
Number of edges: 2
1360 438.75 -290.316 -103.336 8
1500 438.75 100 0 1

Platform at 1500 438.75
Number of edges: 2
1540 438.75 100 0 1
1460 438.75 -100 0 1

Platform at 240 427.5
Number of edges: 3
360 427.5 142.104 -253.336 8
200 427.5 -100 0 1
60 427.5 -269.997 -200.002 8

Platform at 160 427.5
Number of edges: 3
360 427.5 290.319 -206.669 8
200 427.5 100 0 1
60 427.5 -134.327 -223.336 8

Platform at 200 427.5
Number of edges: 4
240 427.5 100 0 1
160 427.5 -100 0 1
360 427.5 205.712 -233.336 8
60 427.5 -188.058 -223.336 8

Platform at 20 427.5
Number of edges: 2
160 427.5 206.555 -203.336 8
60 427.5 100 0 1

Platform at 60 427.5
Number of edges: 2
20 427.5 -100 0 1
160 427.5 134.327 -223.336 8

Platform at 40 337.5
Number of edges: 3
180 146.25 153.431 -483.336 8
260 326.25 190.234 -356.669 8
100 337.5 100 0 1

Platform at 180 337.5
Number of edges: 4
220 337.5 100 0 1
60 146.25 -109.462 -503.336 8
260 326.25 69.8668 -353.336 8
140 337.5 -100 0 1

Platform at 220 337.5
Number of edges: 2
180 337.5 -100 0 1
260 326.25 34.2495 -360.003 8

Platform at 380 326.25
Number of edges: 3
420 326.25 100 0 1
480 258.75 89.156 -396.669 8
340 326.25 -100 0 1

Platform at 420 326.25
Number of edges: 6
380 326.25 -100 0 1
540 472.5 120 0 2
580 472.5 140 0 2
480 427.5 20 0 2
440 427.5 20 0 2
480 258.75 54.1486 -393.336 8

Platform at 620 326.25
Number of edges: 6
540 472.5 -20 0 2
580 472.5 -20 0 2
480 427.5 -120 0 2
440 427.5 -190 0 2
660 326.25 100 0 1
560 258.75 -66.1027 -346.669 8

Platform at 660 326.25
Number of edges: 3
620 326.25 -100 0 1
700 326.25 100 0 1
560 258.75 -151.946 -300.002 8

Platform at 700 326.25
Number of edges: 2
660 326.25 -100 0 1
740 326.25 100 0 1

Platform at 740 326.25
Number of edges: 2
700 326.25 -100 0 1
780 326.25 100 0 1

Platform at 780 326.25
Number of edges: 4
740 326.25 -100 0 1
820 326.25 100 0 1
1000 326.25 190.383 -346.669 8
720 202.5 -52.756 -450.003 8

Platform at 820 326.25
Number of edges: 4
780 326.25 -100 0 1
860 326.25 100 0 1
1000 326.25 155.768 -346.669 8
720 202.5 -114.851 -403.336 8

Platform at 860 326.25
Number of edges: 6
820 326.25 -100 0 1
900 438.75 20 0 2
940 438.75 20 0 2
980 438.75 90 0 2
1000 326.25 121.153 -346.669 8
720 202.5 -171.175 -396.669 8

Platform at 1000 326.25
Number of edges: 6
860 438.75 -120 0 2
900 438.75 -50 0 2
940 438.75 -20 0 2
980 438.75 -20 0 2
860 326.25 -121.153 -346.669 8
1040 326.25 100 0 1

Platform at 1040 326.25
Number of edges: 3
1000 326.25 -100 0 1
860 326.25 -155.768 -346.669 8
1080 326.25 100 0 1

Platform at 1080 326.25
Number of edges: 3
1040 326.25 -100 0 1
860 326.25 -190.383 -346.669 8
1120 326.25 100 0 1

Platform at 1120 326.25
Number of edges: 2
1080 326.25 -100 0 1
1160 326.25 100 0 1

Platform at 1160 326.25
Number of edges: 3
1120 326.25 -100 0 1
1200 326.25 100 0 1
1380 270 189.543 -396.669 8

Platform at 1200 326.25
Number of edges: 3
1160 326.25 -100 0 1
1240 326.25 100 0 1
1380 270 155.08 -396.669 8

Platform at 1240 326.25
Number of edges: 3
1200 326.25 -100 0 1
1280 326.25 100 0 1
1380 270 120.618 -396.669 8

Platform at 1280 326.25
Number of edges: 3
1240 326.25 -100 0 1
1320 326.25 100 0 1
1380 270 87.1264 -393.336 8

Platform at 1320 326.25
Number of edges: 5
1280 326.25 -100 0 1
1360 438.75 20 0 2
1420 382.5 70 0 2
1460 382.5 160 0 2
1380 270 52.2758 -393.336 8

Platform at 1540 348.75
Number of edges: 2
1420 382.5 -140 0 2
1460 382.5 -20 0 2

Platform at 560 258.75
Number of edges: 6
620 326.25 20 0 2
660 326.25 60 0 2
700 326.25 150 0 2
740 326.25 230 0 2
520 258.75 -100 0 1
640 202.5 82.1177 -350.002 8

Platform at 480 258.75
Number of edges: 6
380 326.25 -60 0 2
420 326.25 -20 0 2
520 258.75 100 0 1
640 202.5 293.783 -266.669 8
340 326.25 -150 0 2
300 326.25 -230 0 2

Platform at 520 258.75
Number of edges: 3
560 258.75 100 0 1
480 258.75 -100 0 1
640 202.5 187.299 -280.002 8

Platform at 640 202.5
Number of edges: 6
620 326.25 30 0 2
560 258.75 -20 0 2
480 258.75 -200 0 2
520 258.75 -110 0 2
680 202.5 100 0 1
800 146.25 47.8492 -396.669 8

Platform at 680 202.5
Number of edges: 3
640 202.5 -100 0 1
720 202.5 100 0 1
800 146.25 20.8723 -376.669 8

Platform at 720 202.5
Number of edges: 4
680 202.5 -100 0 1
820 326.25 110 0 2
860 326.25 110 0 2
800 146.25 -20.2989 -393.336 8

Platform at 800 146.25
Number of edges: 6
740 326.25 30 0 2
780 326.25 70 0 2
640 202.5 -200 0 2
680 202.5 -110 0 2
720 202.5 -20 0 2
840 146.25 100 0 1

Platform at 840 146.25
Number of edges: 1
800 146.25 -100 0 1

Platform at 420 146.25
Number of edges: 1
260 146.25 -208.694 -230.002 8

Platform at 260 146.25
Number of edges: 2
220 146.25 -100 0 1
60 146.25 -260.867 -230.002 8

Platform at 180 146.25
Number of edges: 5
40 337.5 -100 0 2
220 146.25 100 0 1
60 146.25 -158.822 -226.669 8
140 337.5 -20 0 2
100 337.5 -20 0 2

Platform at 220 146.25
Number of edges: 4
260 146.25 100 0 1
180 146.25 -100 0 1
60 146.25 -211.763 -226.669 8
160 45 -52.8013 -430.003 8

Platform at 20 146.25
Number of edges: 3
180 146.25 211.763 -226.669 8
60 146.25 100 0 1
80 45 52.1146 -433.336 8

Platform at 60 146.25
Number of edges: 5
20 146.25 -100 0 1
180 337.5 70 0 2
180 146.25 158.822 -226.669 8
140 337.5 20 0 2
100 337.5 20 0 2

Platform at 80 45
Number of edges: 5
20 146.25 -20 0 2
60 146.25 -20 0 2
120 45 100 0 1
260 45 210.388 -256.669 8
180 -67.5 99.5573 -413.336 8

Platform at 120 45
Number of edges: 5
80 45 -100 0 1
160 45 100 0 1
260 45 165.788 -253.336 8
180 -67.5 52.7796 -440.003 8
60 -67.5 -52.7796 -440.003 8

Platform at 160 45
Number of edges: 6
120 45 -100 0 1
260 146.25 60 0 2
180 146.25 20 0 2
220 146.25 20 0 2
260 45 118.42 -253.336 8
60 -67.5 -99.5573 -413.336 8

Platform at 260 45
Number of edges: 4
180 146.25 -20 0 2
220 146.25 70 0 2
160 45 -208.42 -253.336 8
300 45 100 0 1

Platform at 300 45
Number of edges: 3
260 45 -100 0 1
160 45 -253.635 -256.669 8
340 45 100 0 1

Platform at 340 45
Number of edges: 2
300 45 -100 0 1
160 45 -297.691 -260.002 8

Platform at 340 -67.5
Number of edges: 0

Platform at 220 -67.5
Number of edges: 2
180 -67.5 -100 0 1
60 -67.5 -189.472 -253.336 8

Platform at 180 -67.5
Number of edges: 5
220 -67.5 100 0 1
80 45 -50 0 2
120 45 -20 0 2
160 45 -20 0 2
60 -67.5 -142.104 -253.336 8

Platform at 20 -67.5
Number of edges: 3
180 -67.5 189.472 -253.336 8
60 -67.5 100 0 1
100 -180 69.4221 -443.336 8

Platform at 60 -67.5
Number of edges: 5
20 -67.5 -100 0 1
80 45 20 0 2
120 45 20 0 2
160 45 50 0 2
180 -67.5 142.104 -253.336 8

Platform at 100 -180
Number of edges: 3
20 -67.5 -20 0 2
60 -67.5 30 0 2
140 -180 100 0 1

Platform at 140 -180
Number of edges: 2
100 -180 -100 0 1
180 -180 100 0 1

Platform at 180 -180
Number of edges: 1
140 -180 -100 0 1

Platform at 300 -180
Number of edges: 1
340 -180 100 0 1

Platform at 340 -180
Number of edges: 2
300 -180 -100 0 1
380 -180 100 0 1

Platform at 380 -180
Number of edges: 1
340 -180 -100 0 1

Platform at 500 -225
Number of edges: 2
540 -225 100 0 1
360 -270 -122.056 -383.336 8

Platform at 540 -225
Number of edges: 2
500 -225 -100 0 1
360 -270 -156.93 -383.336 8

Platform at 480 -765
Number of edges: 2
440 -765 -100 0 1
280 -765 -285.711 -210.002 8

Platform at 400 -765
Number of edges: 2
440 -765 100 0 1
280 -765 -166.152 -216.669 8

Platform at 440 -765
Number of edges: 3
480 -765 100 0 1
400 -765 -100 0 1
280 -765 -228.569 -210.002 8

Platform at 280 -765
Number of edges: 3
400 -765 163.635 -220.002 8
240 -765 -100 0 1
380 -855 131.282 -346.669 8

Platform at 160 -765
Number of edges: 5
200 -765 100 0 1
60 -765 -142.856 -210.002 8
80 -652.5 -20 0 2
120 -652.5 -20 0 2
60 -697.5 -60 0 2

Platform at 200 -765
Number of edges: 4
160 -765 -100 0 1
400 -765 268.654 -223.336 8
240 -765 100 0 1
60 -765 -199.998 -210.002 8

Platform at 240 -765
Number of edges: 4
280 -765 100 0 1
200 -765 -100 0 1
400 -765 205.712 -233.336 8
60 -765 -257.14 -210.002 8

Platform at 20 -765
Number of edges: 3
160 -765 199.998 -210.002 8
60 -765 100 0 1
100 -855 69.5456 -423.336 8

Platform at 60 -765
Number of edges: 5
20 -765 -100 0 1
160 -765 142.856 -210.002 8
160 -652.5 50 0 2
80 -652.5 20 0 2
120 -652.5 20 0 2

Platform at 100 -855
Number of edges: 3
20 -765 -20 0 2
60 -765 -20 0 2
140 -855 100 0 1

Platform at 140 -855
Number of edges: 4
100 -855 -100 0 1
180 -855 100 0 1
380 -855 209.707 -343.336 8
300 -1001.25 189.132 -426.669 8

Platform at 180 -855
Number of edges: 4
140 -855 -100 0 1
220 -855 100 0 1
380 -855 176.469 -340.002 8
300 -1001.25 125.316 -440.003 8

Platform at 220 -855
Number of edges: 4
180 -855 -100 0 1
260 -855 100 0 1
380 -855 143.999 -333.336 8
300 -1001.25 70.2698 -470.003 8

Platform at 260 -855
Number of edges: 3
220 -855 -100 0 1
280 -765 20 0 2
380 -855 107.999 -333.336 8

Platform at 380 -855
Number of edges: 4
280 -765 -60 0 2
260 -855 -107.999 -333.336 8
420 -855 100 0 1
600 -900 230.641 -333.336 8

Platform at 420 -855
Number of edges: 4
380 -855 -100 0 1
260 -855 -143.999 -333.336 8
460 -855 100 0 1
600 -900 188.706 -333.336 8

Platform at 460 -855
Number of edges: 4
420 -855 -100 0 1
260 -855 -176.469 -340.002 8
500 -855 100 0 1
600 -900 146.771 -333.336 8

Platform at 500 -855
Number of edges: 3
460 -855 -100 0 1
260 -855 -209.707 -343.336 8
600 -900 104.837 -333.336 8

Platform at 600 -900
Number of edges: 4
460 -855 -180 0 2
500 -855 -70 0 2
640 -900 100 0 1
780 -922.5 170.282 -240.002 8

Platform at 640 -900
Number of edges: 4
600 -900 -100 0 1
680 -900 100 0 1
780 -922.5 112.442 -240.002 8
580 -1001.25 -142.115 -433.336 8

Platform at 680 -900
Number of edges: 2
640 -900 -100 0 1
780 -922.5 51.9067 -243.336 8

Platform at 780 -922.5
Number of edges: 2
680 -900 -90 0 2
820 -922.5 100 0 1

Platform at 820 -922.5
Number of edges: 2
780 -922.5 -100 0 1
860 -922.5 100 0 1

Platform at 860 -922.5
Number of edges: 3
820 -922.5 -100 0 1
980 -1080 21.0056 -470.003 8
800 -1001.25 -142.201 -413.336 8

Platform at 1020 -922.5
Number of edges: 3
1060 -922.5 100 0 1
1220 -967.5 103.703 -353.336 8
800 -1001.25 -293.905 -396.669 8

Platform at 1060 -922.5
Number of edges: 3
1020 -922.5 -100 0 1
1100 -922.5 100 0 1
1220 -967.5 64.9624 -353.336 8

Platform at 1100 -922.5
Number of edges: 3
1060 -922.5 -100 0 1
1140 -922.5 100 0 1
1220 -967.5 26.2218 -353.336 8

Platform at 1140 -922.5
Number of edges: 2
1100 -922.5 -100 0 1
1220 -967.5 20.0384 -280.002 8

Platform at 1100 67.5
Number of edges: 0

Platform at 1540 -45
Number of edges: 0

Platform at 1540 -517.5
Number of edges: 1
1460 -596.25 -69.601 -413.336 8

Platform at 1460 -596.25
Number of edges: 3
1540 -517.5 20 0 2
1420 -596.25 -100 0 1
1280 -596.25 -186.205 -290.002 8

Platform at 1380 -596.25
Number of edges: 2
1420 -596.25 100 0 1
1280 -596.25 -103.447 -290.002 8

Platform at 1420 -596.25
Number of edges: 3
1460 -596.25 100 0 1
1380 -596.25 -100 0 1
1280 -596.25 -144.826 -290.002 8

Platform at 1280 -596.25
Number of edges: 4
1380 -596.25 103.447 -290.002 8
1240 -596.25 -100 0 1
1060 -630 -260.483 -293.336 8
1220 -720 -52.756 -450.003 8

Platform at 1160 -596.25
Number of edges: 3
1380 -596.25 217.581 -303.336 8
1200 -596.25 100 0 1
1060 -630 -120.286 -290.002 8

Platform at 1200 -596.25
Number of edges: 4
1160 -596.25 -100 0 1
1380 -596.25 179.999 -300.002 8
1240 -596.25 100 0 1
1060 -630 -168.4 -290.002 8

Platform at 1240 -596.25
Number of edges: 5
1280 -596.25 100 0 1
1200 -596.25 -100 0 1
1380 -596.25 143.181 -293.336 8
1060 -630 -216.515 -290.002 8
1320 -720 85.2842 -413.336 8

Platform at 1060 -630
Number of edges: 2
1160 -596.25 80 0 2
1200 -596.25 200 0 2

Platform at 1100 -720
Number of edges: 2
1140 -720 100 0 1
1320 -720 190.383 -346.669 8

Platform at 1140 -720
Number of edges: 3
1100 -720 -100 0 1
1180 -720 100 0 1
1320 -720 155.768 -346.669 8

Platform at 1180 -720
Number of edges: 3
1140 -720 -100 0 1
1220 -720 100 0 1
1320 -720 121.153 -346.669 8

Platform at 1220 -720
Number of edges: 5
1180 -720 -100 0 1
1140 -922.5 -73.1079 -513.336 8
1280 -596.25 20 0 2
1240 -596.25 20 0 2
1320 -720 87.378 -343.336 8

Platform at 1320 -720
Number of edges: 5
1280 -596.25 -20 0 2
1240 -596.25 -20 0 2
1220 -720 -87.378 -343.336 8
1360 -720 100 0 1
1540 -798.75 189.128 -416.669 8

Platform at 1360 -720
Number of edges: 3
1320 -720 -100 0 1
1220 -720 -121.153 -346.669 8
1540 -798.75 154.741 -416.669 8

Platform at 1540 -798.75
Number of edges: 1
1460 -967.5 -70.1841 -90.0023 8

Platform at 1460 -967.5
Number of edges: 3
1540 -798.75 20 0 2
1420 -967.5 -100 0 1
1260 -967.5 -224.998 -266.669 8

Platform at 1380 -967.5
Number of edges: 2
1420 -967.5 100 0 1
1260 -967.5 -134.999 -266.669 8

Platform at 1420 -967.5
Number of edges: 3
1460 -967.5 100 0 1
1380 -967.5 -100 0 1
1260 -967.5 -179.999 -266.669 8

Platform at 1460 -1080
Number of edges: 2
1420 -1080 -100 0 1
1400 -1181.25 -52.1146 -433.336 8

Platform at 980 -1080
Number of edges: 5
820 -922.5 -130 0 2
860 -922.5 -80 0 2
1020 -1080 100 0 1
800 -1001.25 -210 0 2
760 -1001.25 -290 0 2

Platform at 1020 -1080
Number of edges: 2
980 -1080 -100 0 1
1060 -1080 100 0 1

Platform at 1060 -1080
Number of edges: 2
1020 -1080 -100 0 1
1100 -1080 100 0 1

Platform at 1100 -1080
Number of edges: 2
1060 -1080 -100 0 1
1140 -1080 100 0 1

Platform at 1140 -1080
Number of edges: 2
1100 -1080 -100 0 1
1180 -1080 100 0 1

Platform at 1180 -1080
Number of edges: 2
1140 -1080 -100 0 1
1220 -1080 100 0 1

Platform at 1220 -1080
Number of edges: 3
1180 -1080 -100 0 1
1260 -1080 100 0 1
1320 -1181.25 110.527 -383.336 8

Platform at 1260 -1080
Number of edges: 4
1220 -1080 -100 0 1
1300 -1080 100 0 1
1200 -1181.25 -52.1146 -433.336 8
1320 -1181.25 52.1146 -433.336 8

Platform at 1300 -1080
Number of edges: 5
1260 -1080 -100 0 1
1340 -1080 100 0 1
1200 -1181.25 -110.527 -383.336 8
1140 -1192.5 -138.844 -443.336 8
1120 -1203.75 -156.044 -453.336 8

Platform at 1340 -1080
Number of edges: 2
1300 -1080 -100 0 1
1380 -1080 100 0 1

Platform at 1380 -1080
Number of edges: 2
1340 -1080 -100 0 1
1420 -1080 100 0 1

Platform at 1420 -1080
Number of edges: 2
1460 -1080 100 0 1
1380 -1080 -100 0 1

Platform at 1220 -967.5
Number of edges: 5
1060 -922.5 -230 0 2
1100 -922.5 -120 0 2
1140 -922.5 -20 0 2
1380 -967.5 179.999 -266.669 8
1260 -967.5 100 0 1

Platform at 1260 -967.5
Number of edges: 2
1220 -967.5 -100 0 1
1380 -967.5 134.999 -266.669 8

Platform at 800 -1001.25
Number of edges: 7
820 -922.5 20 0 2
860 -922.5 20 0 2
1020 -922.5 290 0 2
980 -1080 171.427 -390.003 8
760 -1001.25 -100 0 1
580 -1001.25 -247.498 -266.669 8
680 -1113.75 -131.83 -396.669 8

Platform at 680 -1001.25
Number of edges: 4
600 -900 -20 0 2
640 -900 -20 0 2
720 -1001.25 100 0 1
580 -1001.25 -112.499 -266.669 8

Platform at 720 -1001.25
Number of edges: 3
680 -1001.25 -100 0 1
760 -1001.25 100 0 1
580 -1001.25 -157.499 -266.669 8

Platform at 760 -1001.25
Number of edges: 5
800 -1001.25 100 0 1
720 -1001.25 -100 0 1
980 -1080 209.522 -390.003 8
580 -1001.25 -202.498 -266.669 8
680 -1113.75 -81.0889 -410.003 8

Platform at 580 -1001.25
Number of edges: 5
600 -900 20 0 2
640 -900 20 0 2
680 -900 60 0 2
680 -1001.25 112.499 -266.669 8
540 -1001.25 -100 0 1

Platform at 540 -1001.25
Number of edges: 3
580 -1001.25 100 0 1
680 -1001.25 157.499 -266.669 8
440 -1113.75 -99.5573 -413.336 8

Platform at 380 -1001.25
Number of edges: 2
340 -1001.25 -100 0 1
200 -1046.25 -271.71 -266.669 8

Platform at 300 -1001.25
Number of edges: 6
140 -855 -140 0 2
180 -855 -80 0 2
220 -855 -20 0 2
260 -855 -20 0 2
340 -1001.25 100 0 1
200 -1046.25 -137.548 -280.002 8

Platform at 340 -1001.25
Number of edges: 3
380 -1001.25 100 0 1
300 -1001.25 -100 0 1
200 -1046.25 -196.804 -276.669 8

Platform at 200 -1046.25
Number of edges: 7
220 -855 20 0 2
260 -855 20 0 2
380 -1001.25 280 0 2
300 -1001.25 70 0 2
340 -1001.25 180 0 2
280 -1113.75 69.6527 -403.336 8
140 -1046.25 -100 0 1

Platform at 280 -1113.75
Number of edges: 3
200 -1046.25 -20 0 2
320 -1113.75 100 0 1
140 -1046.25 -150 0 2

Platform at 320 -1113.75
Number of edges: 3
280 -1113.75 -100 0 1
360 -1113.75 100 0 1
560 -1113.75 207.691 -346.669 8

Platform at 360 -1113.75
Number of edges: 3
320 -1113.75 -100 0 1
400 -1113.75 100 0 1
560 -1113.75 173.076 -346.669 8

Platform at 400 -1113.75
Number of edges: 3
360 -1113.75 -100 0 1
440 -1113.75 100 0 1
560 -1113.75 138.461 -346.669 8

Platform at 440 -1113.75
Number of edges: 3
400 -1113.75 -100 0 1
540 -1001.25 50 0 2
560 -1113.75 103.845 -346.669 8

Platform at 560 -1113.75
Number of edges: 4
540 -1001.25 -20 0 2
440 -1113.75 -103.845 -346.669 8
600 -1113.75 100 0 1
760 -1181.25 172.129 -406.669 8

Platform at 600 -1113.75
Number of edges: 4
560 -1113.75 -100 0 1
440 -1113.75 -138.461 -346.669 8
640 -1113.75 100 0 1
760 -1181.25 137.703 -406.669 8

Platform at 640 -1113.75
Number of edges: 5
600 -1113.75 -100 0 1
440 -1113.75 -173.076 -346.669 8
680 -1113.75 100 0 1
760 -1181.25 103.277 -406.669 8
860 -1192.5 189.128 -416.669 8

Platform at 680 -1113.75
Number of edges: 8
640 -1113.75 -100 0 1
800 -1001.25 90 0 2
720 -1001.25 20 0 2
760 -1001.25 20 0 2
440 -1113.75 -207.691 -346.669 8
760 -1181.25 69.6527 -403.336 8
860 -1192.5 154.741 -416.669 8
880 -1203.75 171.727 -426.669 8

Platform at 760 -1181.25
Number of edges: 7
560 -1113.75 -270 0 2
600 -1113.75 -190 0 2
640 -1113.75 -110 0 2
680 -1113.75 -20 0 2
800 -1181.25 100 0 1
860 -1192.5 90.0341 -343.336 8
880 -1203.75 111.663 -343.336 8

Platform at 800 -1181.25
Number of edges: 3
760 -1181.25 -100 0 1
860 -1192.5 54.0205 -343.336 8
880 -1203.75 74.4419 -343.336 8

Platform at 840 -1181.25
Number of edges: 0

Platform at 1160 -1181.25
Number of edges: 0

Platform at 1200 -1181.25
Number of edges: 6
1220 -1080 20 0 2
1260 -1080 20 0 2
1300 -1080 60 0 2
1320 -1181.25 104.854 -343.336 8
1140 -1192.5 -54.0205 -343.336 8
1120 -1203.75 -74.4419 -343.336 8

Platform at 1320 -1181.25
Number of edges: 7
1220 -1080 -60 0 2
1260 -1080 -20 0 2
1300 -1080 -20 0 2
1200 -1181.25 -104.854 -343.336 8
1360 -1181.25 100 0 1
1140 -1192.5 -162.061 -343.336 8
1120 -1203.75 -186.105 -343.336 8

Platform at 1360 -1181.25
Number of edges: 5
1320 -1181.25 -100 0 1
1200 -1181.25 -139.805 -343.336 8
1400 -1181.25 100 0 1
1140 -1192.5 -198.075 -343.336 8
1120 -1203.75 -223.326 -343.336 8

Platform at 1400 -1181.25
Number of edges: 4
1360 -1181.25 -100 0 1
1460 -1080 20 0 2
1420 -1080 20 0 2
1200 -1181.25 -174.756 -343.336 8

Platform at 860 -1192.5
Number of edges: 3
760 -1181.25 -130 0 2
800 -1181.25 -20 0 2
840 -1181.25 -20 0 2

Platform at 1140 -1192.5
Number of edges: 2
1160 -1181.25 20 0 2
1200 -1181.25 20 0 2

Platform at 880 -1203.75
Number of edges: 5
760 -1181.25 -170 0 2
800 -1181.25 -110 0 2
840 -1181.25 -110 0 2
860 -1192.5 -20 0 2
920 -1203.75 100 0 1

Platform at 920 -1203.75
Number of edges: 2
880 -1203.75 -100 0 1
960 -1203.75 100 0 1

Platform at 960 -1203.75
Number of edges: 2
920 -1203.75 -100 0 1
1000 -1203.75 100 0 1

Platform at 1000 -1203.75
Number of edges: 2
960 -1203.75 -100 0 1
1040 -1203.75 100 0 1

Platform at 1040 -1203.75
Number of edges: 2
1000 -1203.75 -100 0 1
1080 -1203.75 100 0 1

Platform at 1080 -1203.75
Number of edges: 2
1040 -1203.75 -100 0 1
1120 -1203.75 100 0 1

Platform at 1120 -1203.75
Number of edges: 4
1080 -1203.75 -100 0 1
1160 -1181.25 110 0 2
1200 -1181.25 110 0 2
1140 -1192.5 20 0 2

Platform at 760 686.25
Number of edges: 7
680 888.75 -20 0 2
720 888.75 -20 0 2
580 832.5 -170 0 2
620 832.5 -110 0 2
660 832.5 -50 0 2
800 686.25 100 0 1
640 641.25 -203.26 -253.336 8

Platform at 800 686.25
Number of edges: 7
760 686.25 -100 0 1
840 810 20 0 2
880 810 20 0 2
920 753.75 100 0 2
960 753.75 190 0 2
1000 753.75 270 0 2
640 641.25 -291.433 -246.669 8

Platform at 140 -1046.25
Number of edges: 3
200 -1046.25 100 0 1
100 -855 -20 0 2
280 -1113.75 120.49 -406.669 8

Platform at 500 810
Number of edges: 3
580 832.5 20 0 2
620 832.5 170 0 2
460 810 -100 0 1

Platform at 340 810
Number of edges: 1
380 810 100 0 1

Platform at 380 810
Number of edges: 3
340 810 -100 0 1
420 810 100 0 1
300 765 -135.507 -253.336 8

Platform at 420 810
Number of edges: 3
380 810 -100 0 1
460 810 100 0 1
300 765 -203.26 -253.336 8

Platform at 460 810
Number of edges: 3
500 810 100 0 1
420 810 -100 0 1
300 765 -271.013 -253.336 8

Platform at 300 765
Number of edges: 7
180 708.75 -103.387 -396.669 8
340 810 20 0 2
380 810 20 0 2
420 810 120 0 2
460 810 230 0 2
260 765 -100 0 1
360 708.75 52.2758 -393.336 8

Platform at 220 765
Number of edges: 8
120 888.75 -50 0 2
160 888.75 -20 0 2
200 888.75 -20 0 2
20 877.5 -220 0 2
60 877.5 -150 0 2
100 877.5 -90 0 2
260 765 100 0 1
360 708.75 120.618 -396.669 8

Platform at 260 765
Number of edges: 4
300 765 100 0 1
220 765 -100 0 1
180 708.75 -69.7011 -393.336 8
360 708.75 87.1264 -393.336 8

Platform at 360 708.75
Number of edges: 6
180 708.75 -155.768 -346.669 8
300 765 -20 0 2
220 765 -160 0 2
260 765 -70 0 2
400 708.75 100 0 1
520 641.25 137.703 -406.669 8

Platform at 400 708.75
Number of edges: 4
360 708.75 -100 0 1
180 708.75 -190.383 -346.669 8
440 708.75 100 0 1
520 641.25 103.277 -406.669 8

Platform at 440 708.75
Number of edges: 3
400 708.75 -100 0 1
480 708.75 100 0 1
520 641.25 69.6527 -403.336 8

Platform at 480 708.75
Number of edges: 5
440 708.75 -100 0 1
580 832.5 50 0 2
620 832.5 110 0 2
660 832.5 180 0 2
500 810 20 0 2

Platform at 520 641.25
Number of edges: 6
720 585 182.561 -380.003 8
360 708.75 -190 0 2
400 708.75 -110 0 2
440 708.75 -20 0 2
480 708.75 -20 0 2
560 641.25 100 0 1

Platform at 560 641.25
Number of edges: 3
520 641.25 -100 0 1
720 585 146.049 -380.003 8
600 641.25 100 0 1

Platform at 600 641.25
Number of edges: 3
560 641.25 -100 0 1
720 585 109.537 -380.003 8
640 641.25 100 0 1

Platform at 640 641.25
Number of edges: 6
600 641.25 -100 0 1
660 832.5 20 0 2
760 810 80 0 2
720 585 73.0244 -380.003 8
760 686.25 120 0 2
800 686.25 230 0 2

Platform at 340 326.25
Number of edges: 3
380 326.25 100 0 1
480 258.75 124.818 -396.669 8
300 326.25 -100 0 1

Platform at 260 326.25
Number of edges: 5
180 337.5 -30 0 2
220 337.5 -20 0 2
480 258.75 196.143 -396.669 8
300 326.25 100 0 1
140 337.5 -240 0 2

Platform at 300 326.25
Number of edges: 3
340 326.25 100 0 1
260 326.25 -100 0 1
480 258.75 160.481 -396.669 8

Platform at 140 337.5
Number of edges: 4
180 337.5 100 0 1
60 146.25 -70.0791 -510.003 8
260 326.25 104.8 -353.336 8
100 337.5 -100 0 1

Platform at 100 337.5
Number of edges: 4
40 337.5 -100 0 1
140 337.5 100 0 1
180 146.25 70.0791 -510.003 8
260 326.25 138.352 -356.669 8

Platform at 1420 382.5
Number of edges: 7
1240 438.75 -250 0 2
1280 438.75 -160 0 2
1320 438.75 -70 0 2
1360 438.75 -20 0 2
1320 326.25 -161.387 -276.669 8
1540 348.75 154.332 -276.669 8
1460 382.5 100 0 1

Platform at 1460 382.5
Number of edges: 5
1420 382.5 -100 0 1
1540 438.75 20 0 2
1500 438.75 20 0 2
1320 326.25 -225.941 -276.669 8
1540 348.75 102.888 -276.669 8

Platform at 1380 270
Number of edges: 5
1200 326.25 -250 0 2
1240 326.25 -160 0 2
1280 326.25 -70 0 2
1320 326.25 -20 0 2
1420 270 100 0 1

Platform at 1420 270
Number of edges: 2
1380 270 -100 0 1
1460 270 100 0 1

Platform at 1460 270
Number of edges: 2
1420 270 -100 0 1
1500 270 100 0 1

Platform at 1500 270
Number of edges: 2
1460 270 -100 0 1
1540 270 100 0 1

Platform at 1540 270
Number of edges: 1
1500 270 -100 0 1

Platform at 360 -270
Number of edges: 4
380 -180 20 0 2
500 -225 180 0 2
540 -225 280 0 2
320 -270 -100 0 1

Platform at 320 -270
Number of edges: 1
360 -270 100 0 1

Platform at 280 -270
Number of edges: 0

Platform at 160 -270
Number of edges: 0

Platform at 20 -360
Number of edges: 1
60 -360 100 0 1

Platform at 60 -360
Number of edges: 4
20 -360 -100 0 1
280 -270 280 0 2
160 -270 170 0 2
120 -315 20 0 2

Platform at 120 -315
Number of edges: 3
280 -270 230 0 2
160 -270 20 0 2
60 -360 -65.6742 -323.336 8

Platform at 160 -652.5
Number of edges: 2
120 -652.5 -100 0 1
60 -697.5 -137.548 -280.002 8

Platform at 40 -652.5
Number of edges: 0

Platform at 80 -652.5
Number of edges: 0

Platform at 120 -652.5
Number of edges: 3
160 -652.5 100 0 1
60 -765 -56.8177 -423.336 8
60 -697.5 -84.3445 -276.669 8

Platform at 60 -697.5
Number of edges: 3
160 -652.5 70 0 2
80 -652.5 20 0 2
120 -652.5 20 0 2

Platform at 700 472.5
Number of edges: 7
660 472.5 -100 0 1
840 585 120 0 2
800 585 50 0 2
760 585 20 0 2
720 585 20 0 2
860 438.75 154.463 -343.336 8
480 427.5 -227.477 -336.669 8

Platform at 0 -1327.5
Number of edges: 1
40 -1327.5 100 0 1

Platform at 40 -1327.5
Number of edges: 2
0 -1327.5 -100 0 1
80 -1327.5 100 0 1

Platform at 80 -1327.5
Number of edges: 2
40 -1327.5 -100 0 1
120 -1327.5 100 0 1

Platform at 120 -1327.5
Number of edges: 2
80 -1327.5 -100 0 1
160 -1327.5 100 0 1

Platform at 160 -1327.5
Number of edges: 2
120 -1327.5 -100 0 1
200 -1327.5 100 0 1

Platform at 200 -1327.5
Number of edges: 2
160 -1327.5 -100 0 1
240 -1327.5 100 0 1

Platform at 240 -1327.5
Number of edges: 2
200 -1327.5 -100 0 1
280 -1327.5 100 0 1

Platform at 280 -1327.5
Number of edges: 2
240 -1327.5 -100 0 1
320 -1327.5 100 0 1

Platform at 320 -1327.5
Number of edges: 2
280 -1327.5 -100 0 1
360 -1327.5 100 0 1

Platform at 360 -1327.5
Number of edges: 2
320 -1327.5 -100 0 1
400 -1327.5 100 0 1

Platform at 400 -1327.5
Number of edges: 2
360 -1327.5 -100 0 1
440 -1327.5 100 0 1

Platform at 440 -1327.5
Number of edges: 2
400 -1327.5 -100 0 1
480 -1327.5 100 0 1

Platform at 480 -1327.5
Number of edges: 2
440 -1327.5 -100 0 1
520 -1327.5 100 0 1

Platform at 520 -1327.5
Number of edges: 2
480 -1327.5 -100 0 1
560 -1327.5 100 0 1

Platform at 560 -1327.5
Number of edges: 2
520 -1327.5 -100 0 1
600 -1327.5 100 0 1

Platform at 600 -1327.5
Number of edges: 2
560 -1327.5 -100 0 1
640 -1327.5 100 0 1

Platform at 640 -1327.5
Number of edges: 2
600 -1327.5 -100 0 1
680 -1327.5 100 0 1

Platform at 680 -1327.5
Number of edges: 2
640 -1327.5 -100 0 1
720 -1327.5 100 0 1

Platform at 720 -1327.5
Number of edges: 2
680 -1327.5 -100 0 1
760 -1327.5 100 0 1

Platform at 760 -1327.5
Number of edges: 2
720 -1327.5 -100 0 1
800 -1327.5 100 0 1

Platform at 800 -1327.5
Number of edges: 3
760 -1327.5 -100 0 1
840 -1327.5 100 0 1
1040 -1327.5 207.691 -346.669 8

Platform at 840 -1327.5
Number of edges: 3
800 -1327.5 -100 0 1
880 -1327.5 100 0 1
1040 -1327.5 173.076 -346.669 8

Platform at 880 -1327.5
Number of edges: 3
840 -1327.5 -100 0 1
920 -1327.5 100 0 1
1040 -1327.5 138.461 -346.669 8

Platform at 920 -1327.5
Number of edges: 3
880 -1327.5 -100 0 1
960 -1327.5 100 0 1
1040 -1327.5 103.845 -346.669 8

Platform at 960 -1327.5
Number of edges: 2
920 -1327.5 -100 0 1
1040 -1327.5 69.9024 -343.336 8

Platform at 1040 -1327.5
Number of edges: 2
960 -1327.5 -69.9024 -343.336 8
1080 -1327.5 100 0 1

Platform at 1080 -1327.5
Number of edges: 3
1040 -1327.5 -100 0 1
960 -1327.5 -103.845 -346.669 8
1120 -1327.5 100 0 1

Platform at 1120 -1327.5
Number of edges: 3
1080 -1327.5 -100 0 1
960 -1327.5 -138.461 -346.669 8
1160 -1327.5 100 0 1

Platform at 1160 -1327.5
Number of edges: 3
1120 -1327.5 -100 0 1
960 -1327.5 -173.076 -346.669 8
1200 -1327.5 100 0 1

Platform at 1200 -1327.5
Number of edges: 3
1160 -1327.5 -100 0 1
960 -1327.5 -207.691 -346.669 8
1240 -1327.5 100 0 1

Platform at 1240 -1327.5
Number of edges: 2
1200 -1327.5 -100 0 1
1280 -1327.5 100 0 1

Platform at 1280 -1327.5
Number of edges: 2
1240 -1327.5 -100 0 1
1320 -1327.5 100 0 1

Platform at 1320 -1327.5
Number of edges: 2
1280 -1327.5 -100 0 1
1360 -1327.5 100 0 1

Platform at 1360 -1327.5
Number of edges: 2
1320 -1327.5 -100 0 1
1400 -1327.5 100 0 1

Platform at 1400 -1327.5
Number of edges: 2
1360 -1327.5 -100 0 1
1440 -1327.5 100 0 1

Platform at 1440 -1327.5
Number of edges: 2
1400 -1327.5 -100 0 1
1480 -1327.5 100 0 1

Platform at 1480 -1327.5
Number of edges: 2
1440 -1327.5 -100 0 1
1520 -1327.5 100 0 1

Platform at 1520 -1327.5
Number of edges: 2
1480 -1327.5 -100 0 1
1560 -1327.5 100 0 1

Platform at 1560 -1327.5
Number of edges: 1
1520 -1327.5 -100 0 1

