Platform at 0 888.75
Number of edges: 0

Platform at 40 888.75
Number of edges: 1
80 888.75 100 0 1

Platform at 80 888.75
Number of edges: 2
40 888.75 -100 0 1
120 888.75 100 0 1

Platform at 120 888.75
Number of edges: 2
80 888.75 -100 0 1
160 888.75 100 0 1

Platform at 160 888.75
Number of edges: 2
120 888.75 -100 0 1
200 888.75 100 0 1

Platform at 200 888.75
Number of edges: 4
160 888.75 -100 0 1
240 888.75 100 0 1
420 877.5 190.234 -356.669 8
440 866.25 203.227 -373.336 8

Platform at 240 888.75
Number of edges: 4
200 888.75 -100 0 1
280 888.75 100 0 1
420 877.5 155.646 -356.669 8
440 866.25 172.796 -366.669 8

Platform at 280 888.75
Number of edges: 4
240 888.75 -100 0 1
320 888.75 100 0 1
420 877.5 121.058 -356.669 8
440 866.25 139.658 -363.336 8

Platform at 320 888.75
Number of edges: 5
280 888.75 -100 0 1
360 888.75 100 0 1
420 877.5 87.3335 -353.336 8
440 866.25 104.744 -363.336 8
540 855 187.943 -380.003 8

Platform at 360 888.75
Number of edges: 6
320 888.75 -100 0 1
420 877.5 52.4001 -353.336 8
440 866.25 69.8291 -363.336 8
540 855 153.771 -380.003 8
560 843.75 170.645 -390.003 8
580 832.5 189.543 -396.669 8

Platform at 400 888.75
Number of edges: 0

Platform at 960 888.75
Number of edges: 0

Platform at 1040 888.75
Number of edges: 0

Platform at 1280 888.75
Number of edges: 0

Platform at 1360 888.75
Number of edges: 3
1400 888.75 100 0 1
1260 877.5 -87.3335 -353.336 8
1120 866.25 -203.227 -373.336 8

Platform at 1400 888.75
Number of edges: 3
1360 888.75 -100 0 1
1440 888.75 100 0 1
1260 877.5 -121.058 -356.669 8

Platform at 1440 888.75
Number of edges: 3
1400 888.75 -100 0 1
1480 888.75 100 0 1
1260 877.5 -155.646 -356.669 8

Platform at 1480 888.75
Number of edges: 3
1440 888.75 -100 0 1
1520 888.75 100 0 1
1260 877.5 -190.234 -356.669 8

Platform at 1520 888.75
Number of edges: 1
1480 888.75 -100 0 1

Platform at 1560 888.75
Number of edges: 0

Platform at 420 877.5
Number of edges: 3
320 888.75 -130 0 2
360 888.75 -20 0 2
400 888.75 -20 0 2

Platform at 940 877.5
Number of edges: 0

Platform at 1060 877.5
Number of edges: 1
1040 888.75 -20 0 2

Platform at 1140 877.5
Number of edges: 0

Platform at 1180 877.5
Number of edges: 3
1220 877.5 100 0 1
1120 866.25 -52.4001 -353.336 8
980 832.5 -170.645 -390.003 8

Platform at 1220 877.5
Number of edges: 3
1180 877.5 -100 0 1
1260 877.5 100 0 1
1120 866.25 -87.3335 -353.336 8

Platform at 1260 877.5
Number of edges: 4
1220 877.5 -100 0 1
1280 888.75 20 0 2
1360 888.75 130 0 2
1120 866.25 -121.058 -356.669 8

Platform at 440 866.25
Number of edges: 8
320 888.75 -170 0 2
360 888.75 -110 0 2
400 888.75 -110 0 2
420 877.5 -20 0 2
480 866.25 100 0 1
540 855 87.3335 -353.336 8
560 843.75 104.744 -363.336 8
580 832.5 122.131 -373.336 8

Platform at 480 866.25
Number of edges: 4
440 866.25 -100 0 1
540 855 52.4001 -353.336 8
560 843.75 69.8291 -363.336 8
580 832.5 87.2363 -373.336 8

Platform at 520 866.25
Number of edges: 0

Platform at 760 866.25
Number of edges: 0

Platform at 800 866.25
Number of edges: 5
840 866.25 100 0 1
740 855 -52.4001 -353.336 8
720 843.75 -69.8291 -363.336 8
660 832.5 -122.131 -373.336 8
980 832.5 153.771 -380.003 8

Platform at 840 866.25
Number of edges: 7
800 866.25 -100 0 1
880 866.25 100 0 1
1080 866.25 207.691 -346.669 8
740 855 -87.3335 -353.336 8
720 843.75 -104.744 -363.336 8
660 832.5 -153.771 -380.003 8
980 832.5 122.131 -373.336 8

Platform at 880 866.25
Number of edges: 7
840 866.25 -100 0 1
920 866.25 100 0 1
1080 866.25 173.076 -346.669 8
740 855 -121.058 -356.669 8
720 843.75 -139.658 -363.336 8
660 832.5 -187.943 -380.003 8
980 832.5 87.2363 -373.336 8

Platform at 920 866.25
Number of edges: 5
880 866.25 -100 0 1
1080 866.25 138.461 -346.669 8
740 855 -155.646 -356.669 8
720 843.75 -172.796 -366.669 8
980 832.5 52.3418 -373.336 8

Platform at 1080 866.25
Number of edges: 4
1040 888.75 -110 0 2
1060 877.5 -20 0 2
1120 866.25 100 0 1
980 832.5 -87.2363 -373.336 8

Platform at 1120 866.25
Number of edges: 5
1080 866.25 -100 0 1
1140 877.5 20 0 2
1180 877.5 20 0 2
1220 877.5 130 0 2
980 832.5 -122.131 -373.336 8

Platform at 540 855
Number of edges: 3
440 866.25 -130 0 2
480 866.25 -20 0 2
520 866.25 -20 0 2

Platform at 740 855
Number of edges: 3
760 866.25 20 0 2
800 866.25 20 0 2
840 866.25 130 0 2

Platform at 560 843.75
Number of edges: 4
440 866.25 -170 0 2
480 866.25 -110 0 2
520 866.25 -110 0 2
540 855 -20 0 2

Platform at 680 843.75
Number of edges: 0

Platform at 720 843.75
Number of edges: 5
760 866.25 110 0 2
800 866.25 110 0 2
840 866.25 170 0 2
740 855 20 0 2
660 832.5 -52.4001 -353.336 8

Platform at 580 832.5
Number of edges: 6
440 866.25 -200 0 2
480 866.25 -150 0 2
520 866.25 -150 0 2
540 855 -110 0 2
560 843.75 -20 0 2
620 832.5 100 0 1

Platform at 620 832.5
Number of edges: 2
580 832.5 -100 0 1
660 832.5 100 0 1

Platform at 660 832.5
Number of edges: 3
620 832.5 -100 0 1
680 843.75 20 0 2
720 843.75 20 0 2

Platform at 980 832.5
Number of edges: 6
1060 877.5 20 0 2
840 866.25 -200 0 2
880 866.25 -80 0 2
920 866.25 -20 0 2
1080 866.25 80 0 2
1120 866.25 200 0 2

Platform at 320 596.25
Number of edges: 1
480 596.25 138.461 -346.669 8

Platform at 480 596.25
Number of edges: 2
320 596.25 -138.461 -346.669 8
580 382.5 87.4358 -530.003 8

Platform at 920 506.25
Number of edges: 5
1040 506.25 103.845 -346.669 8
800 551.25 -120 0 2
840 551.25 -20 0 2
700 427.5 -189.128 -416.669 8
800 450 -103.387 -396.669 8

Platform at 1040 506.25
Number of edges: 2
920 506.25 -103.845 -346.669 8
1260 506.25 190.383 -346.669 8

Platform at 1080 247.5
Number of edges: 3
1160 247.5 69.9024 -343.336 8
960 202.5 -104.62 -383.336 8
1220 78.75 122.822 -490.003 8

Platform at 1160 247.5
Number of edges: 5
1080 247.5 -69.9024 -343.336 8
1340 168.75 178.989 -380.003 8
960 202.5 -170.645 -390.003 8
1220 78.75 52.6379 -490.003 8
1320 371.25 150 0 2

Platform at 460 348.75
Number of edges: 1
580 382.5 130 0 2

Platform at 100 247.5
Number of edges: 2
180 247.5 124.136 -193.336 8
20 382.5 -20 0 2

Platform at 180 247.5
Number of edges: 1
100 247.5 -124.136 -193.336 8

Platform at 1340 168.75
Number of edges: 4
1160 247.5 -210 0 2
1420 168.75 69.9024 -343.336 8
1220 78.75 -126.14 -380.003 8
1320 371.25 -20 0 2

Platform at 1420 168.75
Number of edges: 2
1340 168.75 -69.9024 -343.336 8
1220 78.75 -210.233 -380.003 8

Platform at 660 101.25
Number of edges: 2
700 101.25 100 0 1
560 0 -110.527 -383.336 8

Platform at 700 101.25
Number of edges: 2
660 101.25 -100 0 1
740 101.25 100 0 1

Platform at 740 101.25
Number of edges: 1
700 101.25 -100 0 1

Platform at 240 0
Number of edges: 2
280 0 100 0 1
140 168.75 -50 0 2

Platform at 280 0
Number of edges: 3
240 0 -100 0 1
320 0 100 0 1
220 -56.25 -52.2758 -393.336 8

Platform at 320 0
Number of edges: 3
280 0 -100 0 1
360 0 100 0 1
220 -56.25 -87.1264 -393.336 8

Platform at 360 0
Number of edges: 3
320 0 -100 0 1
400 0 100 0 1
220 -56.25 -120.618 -396.669 8

Platform at 400 0
Number of edges: 3
360 0 -100 0 1
440 0 100 0 1
220 -56.25 -155.08 -396.669 8

Platform at 440 0
Number of edges: 4
400 0 -100 0 1
480 0 100 0 1
680 0 207.691 -346.669 8
220 -56.25 -189.543 -396.669 8

Platform at 480 0
Number of edges: 3
440 0 -100 0 1
520 0 100 0 1
680 0 173.076 -346.669 8

Platform at 520 0
Number of edges: 3
480 0 -100 0 1
560 0 100 0 1
680 0 138.461 -346.669 8

Platform at 560 0
Number of edges: 3
520 0 -100 0 1
660 101.25 60 0 2
680 0 103.845 -346.669 8

Platform at 20 0
Number of edges: 2
60 0 100 0 1
140 -56.25 187.299 -280.002 8

Platform at 60 0
Number of edges: 3
20 0 -100 0 1
100 0 100 0 1
140 -56.25 114.6 -290.002 8

Platform at 100 0
Number of edges: 2
60 0 -100 0 1
140 168.75 20 0 2

Platform at 680 0
Number of edges: 4
660 101.25 -20 0 2
560 0 -103.845 -346.669 8
720 0 100 0 1
860 -123.75 156.044 -453.336 8

Platform at 720 0
Number of edges: 4
680 0 -100 0 1
560 0 -138.461 -346.669 8
760 0 100 0 1
860 -123.75 121.368 -453.336 8

Platform at 760 0
Number of edges: 4
720 0 -100 0 1
560 0 -173.076 -346.669 8
800 0 100 0 1
860 -123.75 86.6912 -453.336 8

Platform at 800 0
Number of edges: 5
760 0 -100 0 1
560 0 -207.691 -346.669 8
840 0 100 0 1
1040 0 239.998 -300.002 8
860 -123.75 52.756 -450.003 8

Platform at 840 0
Number of edges: 3
800 0 -100 0 1
880 0 100 0 1
1040 0 199.998 -300.002 8

Platform at 880 0
Number of edges: 3
840 0 -100 0 1
920 0 100 0 1
1040 0 154.838 -310.002 8

Platform at 920 0
Number of edges: 3
880 0 -100 0 1
1040 0 103.845 -346.669 8
960 202.5 20 0 2

Platform at 1040 0
Number of edges: 5
920 0 -103.845 -346.669 8
1080 0 100 0 1
1200 -168.75 172.845 -460.003 8
900 -123.75 -121.368 -453.336 8
960 202.5 -20 0 2

Platform at 1080 0
Number of edges: 6
1040 0 -100 0 1
920 0 -138.461 -346.669 8
1120 0 100 0 1
1300 0 190.383 -346.669 8
1200 -168.75 129.634 -460.003 8
900 -123.75 -156.044 -453.336 8

Platform at 1120 0
Number of edges: 4
1080 0 -100 0 1
920 0 -173.076 -346.669 8
1300 0 155.768 -346.669 8
1220 78.75 60 0 2

Platform at 1300 0
Number of edges: 4
1120 0 -155.768 -346.669 8
1340 0 100 0 1
1380 -123.75 69.353 -453.336 8
1220 78.75 -20 0 2

Platform at 1340 0
Number of edges: 4
1300 0 -100 0 1
1120 0 -190.383 -346.669 8
1380 0 100 0 1
1280 -168.75 -52.6379 -490.003 8

Platform at 1380 0
Number of edges: 2
1340 0 -100 0 1
1420 0 100 0 1

Platform at 1420 0
Number of edges: 2
1380 0 -100 0 1
1460 0 100 0 1

Platform at 1460 0
Number of edges: 2
1420 0 -100 0 1
1500 0 100 0 1

Platform at 1500 0
Number of edges: 2
1460 0 -100 0 1
1540 0 100 0 1

Platform at 1540 0
Number of edges: 2
1500 0 -100 0 1
1460 -123.75 -69.353 -453.336 8

Platform at 1460 -123.75
Number of edges: 4
1500 0 20 0 2
1540 0 20 0 2
1420 -123.75 -100 0 1
1280 -168.75 -197.023 -323.336 8

Platform at 1380 -123.75
Number of edges: 4
1300 0 -20 0 2
1340 0 -20 0 2
1420 -123.75 100 0 1
1280 -168.75 -109.457 -323.336 8

Platform at 1420 -123.75
Number of edges: 3
1460 -123.75 100 0 1
1380 -123.75 -100 0 1
1280 -168.75 -153.24 -323.336 8

Platform at 1280 -168.75
Number of edges: 7
1300 0 20 0 2
1340 0 20 0 2
1380 0 50 0 2
1460 -123.75 280 0 2
1380 -123.75 70 0 2
1420 -123.75 180 0 2
1240 -168.75 -100 0 1

Platform at 1200 -168.75
Number of edges: 5
1040 0 -130 0 2
1080 0 -80 0 2
1120 0 -20 0 2
1240 -168.75 100 0 1
1140 -225 -52.2758 -393.336 8

Platform at 1240 -168.75
Number of edges: 2
1280 -168.75 100 0 1
1200 -168.75 -100 0 1

Platform at 1140 -225
Number of edges: 4
1200 -168.75 20 0 2
1240 -168.75 70 0 2
1100 -225 -100 0 1
1240 -258.75 87.2363 -373.336 8

Platform at 1060 -225
Number of edges: 5
1040 0 -20 0 2
1100 -225 100 0 1
1240 -258.75 153.771 -380.003 8
860 -123.75 -230 0 2
900 -123.75 -160 0 2

Platform at 1100 -225
Number of edges: 3
1140 -225 100 0 1
1060 -225 -100 0 1
1240 -258.75 122.131 -373.336 8

Platform at 1240 -258.75
Number of edges: 4
1200 -168.75 -20 0 2
1140 -225 -80 0 2
1100 -225 -200 0 2
1280 -258.75 100 0 1

Platform at 1280 -258.75
Number of edges: 2
1240 -258.75 -100 0 1
1320 -258.75 100 0 1

Platform at 1320 -258.75
Number of edges: 2
1280 -258.75 -100 0 1
1360 -258.75 100 0 1

Platform at 1360 -258.75
Number of edges: 2
1320 -258.75 -100 0 1
1400 -258.75 100 0 1

Platform at 1400 -258.75
Number of edges: 3
1360 -258.75 -100 0 1
1300 -461.25 -87.5223 -120.002 8
1440 -258.75 100 0 1

Platform at 1440 -258.75
Number of edges: 2
1460 -123.75 20 0 2
1400 -258.75 -100 0 1

Platform at 1300 -461.25
Number of edges: 4
1320 -258.75 20 0 2
1360 -258.75 20 0 2
1400 -258.75 50 0 2
1260 -461.25 -100 0 1

Platform at 1220 -461.25
Number of edges: 1
1260 -461.25 100 0 1

Platform at 1260 -461.25
Number of edges: 2
1300 -461.25 100 0 1
1220 -461.25 -100 0 1

Platform at 1540 -528.75
Number of edges: 0

Platform at 1380 -596.25
Number of edges: 3
1340 -596.25 -100 0 1
1280 -641.25 -93.3643 -363.336 8
1200 -697.5 -231.825 -363.336 8

Platform at 1340 -596.25
Number of edges: 2
1380 -596.25 100 0 1
1280 -641.25 -56.0186 -363.336 8

Platform at 1280 -641.25
Number of edges: 4
1380 -596.25 70 0 2
1340 -596.25 20 0 2
1240 -641.25 -100 0 1
1200 -697.5 -114.6 -290.002 8

Platform at 1200 -641.25
Number of edges: 1
1240 -641.25 100 0 1

Platform at 1240 -641.25
Number of edges: 2
1280 -641.25 100 0 1
1200 -641.25 -100 0 1

Platform at 1200 -697.5
Number of edges: 5
1380 -596.25 190 0 2
1340 -596.25 190 0 2
1280 -641.25 110 0 2
1160 -697.5 -100 0 1
1280 -753.75 21.753 -293.336 8

Platform at 1120 -697.5
Number of edges: 2
1160 -697.5 100 0 1
1280 -753.75 123.33 -300.002 8

Platform at 1160 -697.5
Number of edges: 3
1200 -697.5 100 0 1
1120 -697.5 -100 0 1
1280 -753.75 69.9975 -300.002 8

Platform at 1280 -753.75
Number of edges: 6
1240 -641.25 60 0 2
1200 -697.5 -20 0 2
1120 -697.5 -200 0 2
1160 -697.5 -110 0 2
1320 -753.75 100 0 1
1200 -821.25 -159.653 -403.336 8

Platform at 1320 -753.75
Number of edges: 3
1280 -753.75 -100 0 1
1360 -753.75 100 0 1
1200 -821.25 -193.277 -406.669 8

Platform at 1360 -753.75
Number of edges: 3
1320 -753.75 -100 0 1
1400 -753.75 100 0 1
1200 -821.25 -227.703 -406.669 8

Platform at 1400 -753.75
Number of edges: 2
1360 -753.75 -100 0 1
1200 -821.25 -262.129 -406.669 8

Platform at 1200 -821.25
Number of edges: 5
1280 -753.75 20 0 2
1320 -753.75 110 0 2
1360 -753.75 190 0 2
1400 -753.75 270 0 2
1160 -821.25 -100 0 1

Platform at 1120 -821.25
Number of edges: 1
1160 -821.25 100 0 1

Platform at 1160 -821.25
Number of edges: 2
1200 -821.25 100 0 1
1120 -821.25 -100 0 1

Platform at 1060 -1271.25
Number of edges: 2
1100 -1271.25 100 0 1
960 -1350 -152.792 -316.669 8

Platform at 1100 -1271.25
Number of edges: 2
1060 -1271.25 -100 0 1
1140 -1271.25 100 0 1

Platform at 1140 -1271.25
Number of edges: 2
1100 -1271.25 -100 0 1
1180 -1271.25 100 0 1

Platform at 1180 -1271.25
Number of edges: 2
1140 -1271.25 -100 0 1
1220 -1271.25 100 0 1

Platform at 1220 -1271.25
Number of edges: 2
1180 -1271.25 -100 0 1
1260 -1271.25 100 0 1

Platform at 1260 -1271.25
Number of edges: 2
1220 -1271.25 -100 0 1
1300 -1271.25 100 0 1

Platform at 1300 -1271.25
Number of edges: 2
1260 -1271.25 -100 0 1
1340 -1271.25 100 0 1

Platform at 1340 -1271.25
Number of edges: 2
1300 -1271.25 -100 0 1
1380 -1271.25 100 0 1

Platform at 1380 -1271.25
Number of edges: 2
1340 -1271.25 -100 0 1
1420 -1271.25 100 0 1

Platform at 1420 -1271.25
Number of edges: 2
1380 -1271.25 -100 0 1
1460 -1271.25 100 0 1

Platform at 1460 -1271.25
Number of edges: 2
1420 -1271.25 -100 0 1
1500 -1271.25 100 0 1

Platform at 1500 -1271.25
Number of edges: 2
1460 -1271.25 -100 0 1
1540 -1271.25 100 0 1

Platform at 1540 -1271.25
Number of edges: 1
1500 -1271.25 -100 0 1

Platform at 860 -123.75
Number of edges: 7
680 0 -180 0 2
720 0 -110 0 2
760 0 -50 0 2
800 0 -20 0 2
840 0 -20 0 2
1060 -225 173.715 -433.336 8
900 -123.75 100 0 1

Platform at 900 -123.75
Number of edges: 5
860 -123.75 -100 0 1
920 0 20 0 2
1040 0 110 0 2
1080 0 180 0 2
1060 -225 138.972 -433.336 8

Platform at 140 -56.25
Number of edges: 4
20 0 -110 0 2
60 0 -20 0 2
100 0 -20 0 2
180 -56.25 100 0 1

Platform at 180 -56.25
Number of edges: 2
140 -56.25 -100 0 1
220 -56.25 100 0 1

Platform at 220 -56.25
Number of edges: 6
180 -56.25 -100 0 1
240 0 20 0 2
280 0 20 0 2
320 0 70 0 2
360 0 160 0 2
400 0 250 0 2

Platform at 300 -191.25
Number of edges: 2
320 0 20 0 2
360 0 20 0 2

Platform at 400 -382.5
Number of edges: 0

Platform at 260 -753.75
Number of edges: 0

Platform at 200 -888.75
Number of edges: 0

Platform at 180 -967.5
Number of edges: 0

Platform at 280 -1181.25
Number of edges: 1
240 -1181.25 -100 0 1

Platform at 80 -1181.25
Number of edges: 1
120 -1181.25 100 0 1

Platform at 120 -1181.25
Number of edges: 2
80 -1181.25 -100 0 1
160 -1181.25 100 0 1

Platform at 160 -1181.25
Number of edges: 2
120 -1181.25 -100 0 1
200 -1181.25 100 0 1

Platform at 200 -1181.25
Number of edges: 2
160 -1181.25 -100 0 1
240 -1181.25 100 0 1

Platform at 240 -1181.25
Number of edges: 2
280 -1181.25 100 0 1
200 -1181.25 -100 0 1

Platform at 120 -1271.25
Number of edges: 1
160 -1271.25 100 0 1

Platform at 160 -1271.25
Number of edges: 2
120 -1271.25 -100 0 1
200 -1271.25 100 0 1

Platform at 200 -1271.25
Number of edges: 2
160 -1271.25 -100 0 1
240 -1271.25 100 0 1

Platform at 240 -1271.25
Number of edges: 2
200 -1271.25 -100 0 1
280 -1271.25 100 0 1

Platform at 280 -1271.25
Number of edges: 2
240 -1271.25 -100 0 1
320 -1271.25 100 0 1

Platform at 320 -1271.25
Number of edges: 2
280 -1271.25 -100 0 1
360 -1271.25 100 0 1

Platform at 360 -1271.25
Number of edges: 2
320 -1271.25 -100 0 1
400 -1271.25 100 0 1

Platform at 400 -1271.25
Number of edges: 2
360 -1271.25 -100 0 1
440 -1271.25 100 0 1

Platform at 440 -1271.25
Number of edges: 2
400 -1271.25 -100 0 1
480 -1271.25 100 0 1

Platform at 480 -1271.25
Number of edges: 2
440 -1271.25 -100 0 1
520 -1271.25 100 0 1

Platform at 520 -1271.25
Number of edges: 2
480 -1271.25 -100 0 1
560 -1271.25 100 0 1

Platform at 560 -1271.25
Number of edges: 3
520 -1271.25 -100 0 1
600 -1271.25 100 0 1
640 -1350 69.601 -413.336 8

Platform at 600 -1271.25
Number of edges: 3
560 -1271.25 -100 0 1
640 -1271.25 100 0 1
520 -1350 -69.601 -413.336 8

Platform at 640 -1271.25
Number of edges: 2
600 -1271.25 -100 0 1
680 -1271.25 100 0 1

Platform at 680 -1271.25
Number of edges: 1
640 -1271.25 -100 0 1

Platform at 800 551.25
Number of edges: 2
920 506.25 155.34 -290.002 8
840 551.25 100 0 1

Platform at 840 551.25
Number of edges: 3
800 551.25 -100 0 1
920 506.25 69.7465 -383.336 8
1040 506.25 170.645 -390.003 8

Platform at 700 427.5
Number of edges: 3
800 551.25 50 0 2
580 382.5 -104.62 -383.336 8
800 450 90 0 2

Platform at 580 382.5
Number of edges: 3
480 596.25 -50 0 2
460 348.75 -104.684 -373.336 8
700 427.5 120 0 2

Platform at 20 382.5
Number of edges: 1
100 247.5 70.3071 -460.003 8

Platform at 140 168.75
Number of edges: 3
100 247.5 -20 0 2
180 247.5 20 0 2
240 0 108.028 -460.003 8

Platform at 960 202.5
Number of edges: 2
1080 247.5 120 0 2
1040 0 70.0176 -520.003 8

Platform at 1220 78.75
Number of edges: 6
1080 247.5 -100 0 2
1160 247.5 -20 0 2
1340 168.75 90 0 2
1420 168.75 240 0 2
1120 0 -87.0013 -413.336 8
1300 0 69.601 -413.336 8

Platform at 1320 371.25
Number of edges: 2
1160 247.5 -138.706 -453.336 8
1260 506.25 -20 0 2

Platform at 800 450
Number of edges: 4
920 506.25 110 0 2
840 551.25 20 0 2
700 427.5 -87.2863 -363.336 8
580 382.5 -189.342 -406.669 8

Platform at 1260 506.25
Number of edges: 2
1040 506.25 -190.383 -346.669 8
1320 371.25 52.7303 -460.003 8

Platform at 0 -1350
Number of edges: 1
40 -1350 100 0 1

Platform at 40 -1350
Number of edges: 2
0 -1350 -100 0 1
80 -1350 100 0 1

Platform at 80 -1350
Number of edges: 2
40 -1350 -100 0 1
120 -1350 100 0 1

Platform at 120 -1350
Number of edges: 2
80 -1350 -100 0 1
160 -1350 100 0 1

Platform at 160 -1350
Number of edges: 2
120 -1350 -100 0 1
200 -1350 100 0 1

Platform at 200 -1350
Number of edges: 2
160 -1350 -100 0 1
240 -1350 100 0 1

Platform at 240 -1350
Number of edges: 2
200 -1350 -100 0 1
280 -1350 100 0 1

Platform at 280 -1350
Number of edges: 2
240 -1350 -100 0 1
320 -1350 100 0 1

Platform at 320 -1350
Number of edges: 2
280 -1350 -100 0 1
360 -1350 100 0 1

Platform at 360 -1350
Number of edges: 2
320 -1350 -100 0 1
400 -1350 100 0 1

Platform at 400 -1350
Number of edges: 3
360 -1350 -100 0 1
440 -1350 100 0 1
640 -1350 207.691 -346.669 8

Platform at 440 -1350
Number of edges: 3
400 -1350 -100 0 1
480 -1350 100 0 1
640 -1350 173.076 -346.669 8

Platform at 480 -1350
Number of edges: 3
440 -1350 -100 0 1
520 -1350 100 0 1
640 -1350 138.461 -346.669 8

Platform at 520 -1350
Number of edges: 5
480 -1350 -100 0 1
560 -1271.25 20 0 2
600 -1271.25 20 0 2
640 -1271.25 100 0 2
640 -1350 103.845 -346.669 8

Platform at 640 -1350
Number of edges: 5
520 -1271.25 -100 0 2
560 -1271.25 -20 0 2
600 -1271.25 -20 0 2
520 -1350 -103.845 -346.669 8
680 -1350 100 0 1

Platform at 680 -1350
Number of edges: 3
640 -1350 -100 0 1
520 -1350 -138.461 -346.669 8
720 -1350 100 0 1

Platform at 720 -1350
Number of edges: 3
680 -1350 -100 0 1
520 -1350 -173.076 -346.669 8
760 -1350 100 0 1

Platform at 760 -1350
Number of edges: 3
720 -1350 -100 0 1
520 -1350 -207.691 -346.669 8
800 -1350 100 0 1

Platform at 800 -1350
Number of edges: 2
760 -1350 -100 0 1
840 -1350 100 0 1

Platform at 840 -1350
Number of edges: 3
800 -1350 -100 0 1
880 -1350 100 0 1
1080 -1350 207.691 -346.669 8

Platform at 880 -1350
Number of edges: 3
840 -1350 -100 0 1
920 -1350 100 0 1
1080 -1350 173.076 -346.669 8

Platform at 920 -1350
Number of edges: 3
880 -1350 -100 0 1
960 -1350 100 0 1
1080 -1350 138.461 -346.669 8

Platform at 960 -1350
Number of edges: 3
920 -1350 -100 0 1
1060 -1271.25 60 0 2
1080 -1350 103.845 -346.669 8

Platform at 1080 -1350
Number of edges: 3
1060 -1271.25 -20 0 2
960 -1350 -103.845 -346.669 8
1120 -1350 100 0 1

Platform at 1120 -1350
Number of edges: 3
1080 -1350 -100 0 1
960 -1350 -138.461 -346.669 8
1160 -1350 100 0 1

Platform at 1160 -1350
Number of edges: 3
1120 -1350 -100 0 1
960 -1350 -173.076 -346.669 8
1200 -1350 100 0 1

Platform at 1200 -1350
Number of edges: 3
1160 -1350 -100 0 1
960 -1350 -207.691 -346.669 8
1240 -1350 100 0 1

Platform at 1240 -1350
Number of edges: 2
1200 -1350 -100 0 1
1280 -1350 100 0 1

Platform at 1280 -1350
Number of edges: 2
1240 -1350 -100 0 1
1320 -1350 100 0 1

Platform at 1320 -1350
Number of edges: 2
1280 -1350 -100 0 1
1360 -1350 100 0 1

Platform at 1360 -1350
Number of edges: 2
1320 -1350 -100 0 1
1400 -1350 100 0 1

Platform at 1400 -1350
Number of edges: 2
1360 -1350 -100 0 1
1440 -1350 100 0 1

Platform at 1440 -1350
Number of edges: 2
1400 -1350 -100 0 1
1480 -1350 100 0 1

Platform at 1480 -1350
Number of edges: 2
1440 -1350 -100 0 1
1520 -1350 100 0 1

Platform at 1520 -1350
Number of edges: 2
1480 -1350 -100 0 1
1560 -1350 100 0 1

Platform at 1560 -1350
Number of edges: 1
1520 -1350 -100 0 1

