Platform at 520 888.75
Number of edges: 0

Platform at 640 888.75
Number of edges: 3
680 888.75 160 0 1
500 866.25 -337.597 -178.665 8
480 855 -253.792 -242.665 8

Platform at 680 888.75
Number of edges: 3
640 888.75 -160 0 1
720 888.75 160 0 1
480 855 -337.683 -234.665 8

Platform at 720 888.75
Number of edges: 4
680 888.75 -160 0 1
520 888.75 -271.086 -221.332 8
760 888.75 160 0 1
500 866.25 -328.195 -234.665 8

Platform at 760 888.75
Number of edges: 3
720 888.75 -160 0 1
520 888.75 -306.82 -234.665 8
800 888.75 160 0 1

Platform at 800 888.75
Number of edges: 2
760 888.75 -160 0 1
840 888.75 160 0 1

Platform at 840 888.75
Number of edges: 2
800 888.75 -160 0 1
880 888.75 160 0 1

Platform at 880 888.75
Number of edges: 2
840 888.75 -160 0 1
920 888.75 160 0 1

Platform at 920 888.75
Number of edges: 2
880 888.75 -160 0 1
960 888.75 160 0 1

Platform at 960 888.75
Number of edges: 1
920 888.75 -160 0 1

Platform at 1080 888.75
Number of edges: 0

Platform at 1160 888.75
Number of edges: 0

Platform at 1200 888.75
Number of edges: 6
1240 888.75 160 0 1
1140 877.5 -53.0367 -349.332 8
1120 866.25 -70.5562 -359.998 8
1100 855 -88.7451 -367.998 8
1080 843.75 -118.001 -349.332 8
1060 832.5 -144.118 -349.332 8

Platform at 1240 888.75
Number of edges: 8
1200 888.75 -160 0 1
1280 888.75 160 0 1
1140 877.5 -87.685 -351.998 8
1120 866.25 -105.834 -359.998 8
1100 855 -123.178 -370.665 8
1080 843.75 -148.324 -365.332 8
1060 832.5 -185.295 -349.332 8
1360 686.25 106.781 -517.331 8

Platform at 1280 888.75
Number of edges: 8
1240 888.75 -160 0 1
1320 888.75 160 0 1
1140 877.5 -122.759 -351.998 8
1120 866.25 -139.948 -362.665 8
1100 855 -158.372 -370.665 8
1080 843.75 -177.085 -378.665 8
1060 832.5 -221.442 -354.665 8
1360 686.25 71.1875 -517.331 8

Platform at 1320 888.75
Number of edges: 6
1280 888.75 -160 0 1
1360 888.75 160 0 1
1140 877.5 -157.833 -351.998 8
1120 866.25 -173.504 -365.332 8
1100 855 -193.565 -370.665 8
1240 686.25 -71.1875 -517.331 8

Platform at 1360 888.75
Number of edges: 5
1320 888.75 -160 0 1
1400 888.75 160 0 1
1140 877.5 -192.907 -351.998 8
1120 866.25 -208.205 -365.332 8
1240 686.25 -106.781 -517.331 8

Platform at 1400 888.75
Number of edges: 2
1360 888.75 -160 0 1
1440 888.75 160 0 1

Platform at 1440 888.75
Number of edges: 2
1400 888.75 -160 0 1
1480 888.75 160 0 1

Platform at 1480 888.75
Number of edges: 3
1440 888.75 -160 0 1
1520 888.75 160 0 1
1400 686.25 -71.1875 -517.331 8

Platform at 1520 888.75
Number of edges: 2
1480 888.75 -160 0 1
1400 686.25 -106.781 -517.331 8

Platform at 1560 888.75
Number of edges: 0

Platform at 20 866.25
Number of edges: 1
80 855 127.23 -165.332 8

Platform at 60 866.25
Number of edges: 0

Platform at 500 866.25
Number of edges: 2
520 888.75 50 0 2
640 888.75 250 0 2

Platform at 80 855
Number of edges: 3
20 866.25 -50 0 2
60 866.25 -50 0 2
120 855 160 0 1

Platform at 120 855
Number of edges: 2
80 855 -160 0 1
160 855 160 0 1

Platform at 160 855
Number of edges: 1
120 855 -160 0 1

Platform at 200 855
Number of edges: 0

Platform at 360 855
Number of edges: 0

Platform at 400 855
Number of edges: 6
440 855 160 0 1
340 843.75 -56.7172 -327.999 8
320 832.5 -77.7185 -330.665 8
280 821.25 -106.494 -367.998 8
600 787.5 244.378 -327.999 8
180 787.5 -203.575 -386.665 8

Platform at 440 855
Number of edges: 6
400 855 -160 0 1
480 855 160 0 1
340 843.75 -94.5287 -327.999 8
320 832.5 -117.672 -327.999 8
280 821.25 -160.252 -333.332 8
600 787.5 195.503 -327.999 8

Platform at 480 855
Number of edges: 8
440 855 -160 0 1
520 888.75 110 0 2
640 888.75 270 0 2
500 866.25 50 0 2
340 843.75 -132.34 -327.999 8
320 832.5 -156.896 -327.999 8
280 821.25 -204.428 -327.999 8
600 787.5 146.627 -327.999 8

Platform at 220 843.75
Number of edges: 3
120 855 -180 0 2
160 855 -50 0 2
200 855 -50 0 2

Platform at 340 843.75
Number of edges: 3
360 855 50 0 2
400 855 50 0 2
440 855 180 0 2

Platform at 240 832.5
Number of edges: 2
280 821.25 50.1622 -253.332 8
180 787.5 -59.0007 -349.332 8

Platform at 320 832.5
Number of edges: 8
360 855 110 0 2
400 855 110 0 2
440 855 200 0 2
480 855 340 0 2
340 843.75 50 0 2
280 821.25 -50.1622 -253.332 8
180 787.5 -137.668 -349.332 8
400 708.75 75.5019 -434.665 8

Platform at 280 821.25
Number of edges: 8
360 855 220 0 2
400 855 220 0 2
440 855 280 0 2
340 843.75 220 0 2
240 832.5 -50 0 2
320 832.5 50 0 2
180 787.5 -102.214 -327.999 8
400 708.75 171.601 -370.665 8

Platform at 1100 877.5
Number of edges: 0

Platform at 1140 877.5
Number of edges: 3
1160 888.75 50 0 2
1200 888.75 50 0 2
1240 888.75 180 0 2

Platform at 1120 866.25
Number of edges: 5
1160 888.75 110 0 2
1200 888.75 110 0 2
1240 888.75 200 0 2
1280 888.75 340 0 2
1140 877.5 50 0 2

Platform at 1100 855
Number of edges: 6
1160 888.75 150 0 2
1200 888.75 150 0 2
1240 888.75 220 0 2
1280 888.75 340 0 2
1140 877.5 110 0 2
1120 866.25 50 0 2

Platform at 1080 843.75
Number of edges: 7
1160 888.75 190 0 2
1200 888.75 190 0 2
1240 888.75 250 0 2
1280 888.75 350 0 2
1140 877.5 150 0 2
1120 866.25 110 0 2
1100 855 50 0 2

Platform at 1060 832.5
Number of edges: 7
1160 888.75 220 0 2
1200 888.75 220 0 2
1240 888.75 270 0 2
1140 877.5 190 0 2
1120 866.25 150 0 2
1100 855 110 0 2
1080 843.75 50 0 2

Platform at 1000 787.5
Number of edges: 10
1160 888.75 270 0 2
1200 888.75 270 0 2
1140 877.5 240 0 2
1120 866.25 220 0 2
1100 855 190 0 2
1080 843.75 170 0 2
1060 832.5 50 0 2
960 787.5 -160 0 1
1060 731.25 52.9961 -389.332 8
1160 686.25 141.18 -429.331 8

Platform at 600 787.5
Number of edges: 7
520 888.75 -50 0 2
500 866.25 -80 0 2
400 855 -290 0 2
440 855 -210 0 2
480 855 -120 0 2
640 787.5 160 0 1
520 708.75 -121.191 -317.332 8

Platform at 640 787.5
Number of edges: 2
600 787.5 -160 0 1
680 787.5 160 0 1

Platform at 680 787.5
Number of edges: 2
640 787.5 -160 0 1
720 787.5 160 0 1

Platform at 720 787.5
Number of edges: 2
680 787.5 -160 0 1
760 787.5 160 0 1

Platform at 760 787.5
Number of edges: 3
720 787.5 -160 0 1
800 787.5 160 0 1
680 663.75 -70.9559 -447.998 8

Platform at 800 787.5
Number of edges: 3
760 787.5 -160 0 1
840 787.5 160 0 1
680 663.75 -105.213 -450.665 8

Platform at 840 787.5
Number of edges: 4
800 787.5 -160 0 1
880 787.5 160 0 1
1060 731.25 190.82 -394.665 8
680 663.75 -140.284 -450.665 8

Platform at 880 787.5
Number of edges: 4
840 787.5 -160 0 1
920 787.5 160 0 1
1060 731.25 157.542 -391.998 8
680 663.75 -175.354 -450.665 8

Platform at 920 787.5
Number of edges: 3
880 787.5 -160 0 1
960 787.5 160 0 1
1060 731.25 122.532 -391.998 8

Platform at 960 787.5
Number of edges: 4
1000 787.5 160 0 1
920 787.5 -160 0 1
1060 731.25 88.3268 -389.332 8
1160 686.25 174.624 -431.998 8

Platform at 20 787.5
Number of edges: 1
60 787.5 160 0 1

Platform at 60 787.5
Number of edges: 2
20 787.5 -160 0 1
100 787.5 160 0 1

Platform at 100 787.5
Number of edges: 2
60 787.5 -160 0 1
140 787.5 160 0 1

Platform at 140 787.5
Number of edges: 2
100 787.5 -160 0 1
180 787.5 160 0 1

Platform at 180 787.5
Number of edges: 4
140 787.5 -160 0 1
240 832.5 50 0 2
320 832.5 310 0 2
280 821.25 100 0 2

Platform at 20 708.75
Number of edges: 2
60 708.75 160 0 1
140 675 122.657 -327.999 8

Platform at 60 708.75
Number of edges: 4
20 708.75 -160 0 1
100 787.5 50 0 2
140 787.5 50 0 2
140 675 80.1259 -333.332 8

Platform at 140 675
Number of edges: 5
20 708.75 -160 0 2
60 708.75 -50 0 2
180 675 160 0 1
60 562.5 -71.1616 -437.331 8
320 540 157.256 -461.331 8

Platform at 180 675
Number of edges: 5
140 675 -160 0 1
220 675 160 0 1
60 562.5 -106.742 -437.331 8
380 618.75 251.457 -309.332 8
320 540 123.784 -458.665 8

Platform at 220 675
Number of edges: 5
180 675 -160 0 1
260 675 160 0 1
60 562.5 -140.748 -439.998 8
380 618.75 201.165 -309.332 8
320 540 88.4168 -458.665 8

Platform at 260 675
Number of edges: 5
220 675 -160 0 1
300 675 160 0 1
60 562.5 -175.935 -439.998 8
380 618.75 150.874 -309.332 8
320 540 53.0501 -458.665 8

Platform at 300 675
Number of edges: 6
260 675 -160 0 1
340 843.75 50 0 2
400 708.75 100 0 2
440 708.75 220 0 2
480 708.75 340 0 2
380 618.75 100.583 -309.332 8

Platform at 400 708.75
Number of edges: 5
320 832.5 -50 0 2
280 821.25 -100 0 2
300 675 -219.817 -210.665 8
440 708.75 160 0 1
600 663.75 322.34 -258.665 8

Platform at 440 708.75
Number of edges: 4
400 708.75 -160 0 1
300 675 -341.338 -205.332 8
480 708.75 160 0 1
600 663.75 212.905 -285.332 8

Platform at 480 708.75
Number of edges: 4
440 708.75 -160 0 1
520 708.75 160 0 1
600 663.75 159.679 -285.332 8
420 618.75 -67.4667 -367.998 8

Platform at 520 708.75
Number of edges: 5
480 708.75 -160 0 1
600 787.5 50 0 2
600 663.75 100.137 -295.999 8
700 562.5 196.161 -434.665 8
420 618.75 -138.387 -341.332 8

Platform at 1060 731.25
Number of edges: 7
1000 787.5 -50 0 2
880 787.5 -270 0 2
920 787.5 -180 0 2
960 787.5 -90 0 2
1100 731.25 160 0 1
1160 686.25 88.5423 -378.665 8
900 562.5 -139.892 -490.665 8

Platform at 1100 731.25
Number of edges: 2
1060 731.25 -160 0 1
1160 686.25 53.1254 -378.665 8

Platform at 1160 686.25
Number of edges: 7
1000 787.5 -270 0 2
960 787.5 -270 0 2
1060 731.25 -90 0 2
1100 731.25 -50 0 2
1200 686.25 160 0 1
1360 686.25 197.369 -303.999 8
1260 517.5 88.654 -487.998 8

Platform at 1200 686.25
Number of edges: 4
1160 686.25 -160 0 1
1240 686.25 160 0 1
1360 686.25 166.667 -287.999 8
1260 517.5 53.1924 -487.998 8

Platform at 1240 686.25
Number of edges: 5
1200 686.25 -160 0 1
1280 888.75 50 0 2
1320 888.75 50 0 2
1360 888.75 80 0 2
1360 686.25 126.169 -285.332 8

Platform at 1360 686.25
Number of edges: 5
1240 888.75 -80 0 2
1280 888.75 -50 0 2
1320 888.75 -50 0 2
1240 686.25 -126.169 -285.332 8
1400 686.25 160 0 1

Platform at 1400 686.25
Number of edges: 5
1360 686.25 -160 0 1
1440 888.75 50 0 2
1480 888.75 50 0 2
1520 888.75 80 0 2
1240 686.25 -168.225 -285.332 8

Platform at 1540 607.5
Number of edges: 3
1500 607.5 -160 0 1
1400 562.5 -186.292 -285.332 8
1440 472.5 -88.4168 -458.665 8

Platform at 1460 607.5
Number of edges: 2
1500 607.5 160 0 1
1400 562.5 -79.8395 -285.332 8

Platform at 1500 607.5
Number of edges: 4
1540 607.5 160 0 1
1460 607.5 -160 0 1
1400 562.5 -133.066 -285.332 8
1440 472.5 -53.0501 -458.665 8

Platform at 1400 562.5
Number of edges: 4
1540 607.5 200 0 2
1460 607.5 50 0 2
1500 607.5 90 0 2
1360 562.5 -160 0 1

Platform at 1320 562.5
Number of edges: 1
1360 562.5 160 0 1

Platform at 1360 562.5
Number of edges: 2
1400 562.5 160 0 1
1320 562.5 -160 0 1

Platform at 1260 517.5
Number of edges: 2
1160 686.25 -60 0 2
1200 686.25 -50 0 2

Platform at 1320 472.5
Number of edges: 2
1260 517.5 -50 0 2
1360 472.5 160 0 1

Platform at 1360 472.5
Number of edges: 2
1320 472.5 -160 0 1
1400 472.5 160 0 1

Platform at 1400 472.5
Number of edges: 2
1360 472.5 -160 0 1
1440 472.5 160 0 1

Platform at 1440 472.5
Number of edges: 5
1400 472.5 -160 0 1
1540 607.5 60 0 2
1500 607.5 50 0 2
1360 416.25 -90.8736 -327.999 8
1380 326.25 -53.5495 -466.665 8

Platform at 1360 416.25
Number of edges: 4
1400 472.5 50 0 2
1440 472.5 50 0 2
1320 416.25 -160 0 1
1220 371.25 -294.153 -237.332 8

Platform at 1280 416.25
Number of edges: 3
1320 416.25 160 0 1
1220 371.25 -53.1254 -378.665 8
1340 326.25 53.0935 -418.665 8

Platform at 1320 416.25
Number of edges: 3
1360 416.25 160 0 1
1280 416.25 -160 0 1
1220 371.25 -111.112 -319.999 8

Platform at 1220 371.25
Number of edges: 5
1360 416.25 200 0 2
1280 416.25 50 0 2
1320 416.25 90 0 2
1180 371.25 -160 0 1
1340 326.25 106.251 -378.665 8

Platform at 980 371.25
Number of edges: 6
1020 371.25 160 0 1
860 562.5 -80 0 2
900 562.5 -50 0 2
800 258.75 -158.342 -439.998 8
800 450 -230 0 2
840 450 -150 0 2

Platform at 1020 371.25
Number of edges: 2
980 371.25 -160 0 1
1060 371.25 160 0 1

Platform at 1060 371.25
Number of edges: 2
1020 371.25 -160 0 1
1100 371.25 160 0 1

Platform at 1100 371.25
Number of edges: 3
1060 371.25 -160 0 1
1140 371.25 160 0 1
1200 191.25 108.235 -471.998 8

Platform at 1140 371.25
Number of edges: 4
1100 371.25 -160 0 1
1180 371.25 160 0 1
1340 326.25 177.085 -378.665 8
1200 191.25 52.9877 -498.665 8

Platform at 1180 371.25
Number of edges: 3
1220 371.25 160 0 1
1140 371.25 -160 0 1
1340 326.25 141.668 -378.665 8

Platform at 600 663.75
Number of edges: 7
400 708.75 -350 0 2
440 708.75 -250 0 2
480 708.75 -150 0 2
520 708.75 -50 0 2
640 663.75 160 0 1
700 562.5 116.059 -375.998 8
520 585 -84.1674 -367.998 8

Platform at 640 663.75
Number of edges: 4
600 663.75 -160 0 1
680 663.75 160 0 1
700 562.5 53.5141 -426.665 8
520 585 -126.251 -367.998 8

Platform at 680 663.75
Number of edges: 7
640 663.75 -160 0 1
720 787.5 50 0 2
760 787.5 50 0 2
800 787.5 100 0 2
840 787.5 160 0 2
880 787.5 220 0 2
520 585 -168.335 -367.998 8

Platform at 700 562.5
Number of edges: 5
520 708.75 -190 0 2
600 663.75 -70 0 2
640 663.75 -50 0 2
740 562.5 160 0 1
620 495 -86.9727 -349.332 8

Platform at 740 562.5
Number of edges: 4
700 562.5 -160 0 1
780 562.5 160 0 1
620 495 -130.459 -349.332 8
800 450 53.3712 -437.331 8

Platform at 780 562.5
Number of edges: 3
740 562.5 -160 0 1
820 562.5 160 0 1
620 495 -173.945 -349.332 8

Platform at 820 562.5
Number of edges: 3
780 562.5 -160 0 1
860 562.5 160 0 1
620 495 -248.477 -325.332 8

Platform at 860 562.5
Number of edges: 3
820 562.5 -160 0 1
980 371.25 110.924 -501.331 8
900 562.5 160 0 1

Platform at 900 562.5
Number of edges: 5
860 562.5 -160 0 1
960 787.5 50 0 2
1060 731.25 140 0 2
980 371.25 71.4694 -506.665 8
840 450 -53.3712 -437.331 8

Platform at 20 562.5
Number of edges: 1
60 562.5 160 0 1

Platform at 60 562.5
Number of edges: 5
20 562.5 -160 0 1
140 675 50 0 2
180 675 100 0 2
220 675 160 0 2
260 675 230 0 2

Platform at 380 618.75
Number of edges: 5
180 675 -310 0 2
220 675 -220 0 2
260 675 -130 0 2
300 675 -50 0 2
420 618.75 160 0 1

Platform at 420 618.75
Number of edges: 3
380 618.75 -160 0 1
480 708.75 50 0 2
520 708.75 70 0 2

Platform at 520 585
Number of edges: 7
440 708.75 -50 0 2
480 708.75 -50 0 2
600 663.75 50 0 2
640 663.75 110 0 2
680 663.75 190 0 2
700 562.5 336.139 -202.665 8
440 540 -103.166 -290.665 8

Platform at 440 540
Number of edges: 3
520 585 50 0 2
400 540 -160 0 1
540 495 191.958 -242.665 8

Platform at 320 540
Number of edges: 6
140 675 -180 0 2
180 675 -120 0 2
220 675 -60 0 2
260 675 -50 0 2
360 540 160 0 1
440 427.5 141.978 -386.665 8

Platform at 360 540
Number of edges: 3
320 540 -160 0 1
400 540 160 0 1
440 427.5 94.6518 -386.665 8

Platform at 400 540
Number of edges: 3
440 540 160 0 1
360 540 -160 0 1
540 495 294.153 -237.332 8

Platform at 540 495
Number of edges: 8
440 708.75 -60 0 2
480 708.75 -50 0 2
440 540 -90 0 2
360 540 -300 0 2
400 540 -200 0 2
580 495 160 0 1
480 427.5 -73.3135 -327.999 8
640 405 101.625 -386.665 8

Platform at 580 495
Number of edges: 5
540 495 -160 0 1
620 495 160 0 1
480 427.5 -122.189 -327.999 8
500 348.75 -91.7299 -429.331 8
640 405 60.9751 -386.665 8

Platform at 620 495
Number of edges: 6
580 495 -160 0 1
700 562.5 50 0 2
740 562.5 120 0 2
780 562.5 210 0 2
820 562.5 290 0 2
480 427.5 -171.065 -327.999 8

Platform at 480 427.5
Number of edges: 5
540 495 50 0 2
580 495 80 0 2
620 495 160 0 2
440 427.5 -160 0 1
640 405 321.025 -194.665 8

Platform at 440 427.5
Number of edges: 4
480 427.5 160 0 1
320 540 -100 0 2
360 540 -50 0 2
400 540 -50 0 2

Platform at 20 348.75
Number of edges: 1
60 348.75 160 0 1

Platform at 60 348.75
Number of edges: 2
20 348.75 -160 0 1
100 348.75 160 0 1

Platform at 100 348.75
Number of edges: 2
60 348.75 -160 0 1
140 348.75 160 0 1

Platform at 140 348.75
Number of edges: 1
100 348.75 -160 0 1

Platform at 180 348.75
Number of edges: 0

Platform at 220 348.75
Number of edges: 0

Platform at 260 348.75
Number of edges: 5
300 348.75 160 0 1
200 303.75 -53.1254 -378.665 8
140 270 -106.468 -407.998 8
60 225 -175.354 -450.665 8
400 168.75 147.076 -474.665 8

Platform at 300 348.75
Number of edges: 6
260 348.75 -160 0 1
340 348.75 160 0 1
200 303.75 -88.5423 -378.665 8
140 270 -141.958 -407.998 8
500 225 258.704 -391.998 8
400 168.75 88.3129 -498.665 8

Platform at 340 348.75
Number of edges: 6
300 348.75 -160 0 1
380 348.75 160 0 1
200 303.75 -123.959 -378.665 8
140 270 -172.346 -415.998 8
500 225 194.276 -397.332 8
400 168.75 52.9877 -498.665 8

Platform at 380 348.75
Number of edges: 5
340 348.75 -160 0 1
420 348.75 160 0 1
580 315 246.101 -285.332 8
200 303.75 -159.376 -378.665 8
500 225 127.93 -413.332 8

Platform at 420 348.75
Number of edges: 5
380 348.75 -160 0 1
460 348.75 160 0 1
580 315 196.881 -285.332 8
200 303.75 -194.793 -378.665 8
500 225 70.9559 -447.998 8

Platform at 460 348.75
Number of edges: 4
420 348.75 -160 0 1
500 348.75 160 0 1
580 315 147.66 -285.332 8
400 168.75 -52.9877 -498.665 8

Platform at 500 348.75
Number of edges: 4
460 348.75 -160 0 1
540 495 50 0 2
580 495 50 0 2
580 315 98.4403 -285.332 8

Platform at 640 405
Number of edges: 4
540 495 -70 0 2
580 495 -50 0 2
480 427.5 -320 0 2
680 405 160 0 1

Platform at 680 405
Number of edges: 2
640 405 -160 0 1
720 405 160 0 1

Platform at 720 405
Number of edges: 3
680 405 -160 0 1
800 450 50 0 2
840 450 150 0 2

Platform at 1540 281.25
Number of edges: 2
1500 281.25 -160 0 1
1480 191.25 -53.0935 -418.665 8

Platform at 1460 281.25
Number of edges: 3
1500 281.25 160 0 1
1380 326.25 -50 0 2
1340 326.25 -150 0 2

Platform at 1500 281.25
Number of edges: 2
1540 281.25 160 0 1
1460 281.25 -160 0 1

Platform at 580 315
Number of edges: 4
420 348.75 -280 0 2
460 348.75 -160 0 2
500 348.75 -50 0 2
620 315 160 0 1

Platform at 620 315
Number of edges: 5
580 315 -160 0 1
680 405 50 0 2
720 405 70 0 2
680 258.75 52.9961 -389.332 8
800 450 200 0 2

Platform at 680 258.75
Number of edges: 4
580 315 -90 0 2
620 315 -50 0 2
720 258.75 160 0 1
580 225 -88.7451 -367.998 8

Platform at 720 258.75
Number of edges: 3
680 258.75 -160 0 1
760 258.75 160 0 1
580 225 -123.178 -370.665 8

Platform at 760 258.75
Number of edges: 3
720 258.75 -160 0 1
800 258.75 160 0 1
580 225 -158.372 -370.665 8

Platform at 800 258.75
Number of edges: 4
760 258.75 -160 0 1
980 371.25 200 0 2
580 225 -193.565 -370.665 8
840 450 50 0 2

Platform at 200 303.75
Number of edges: 7
220 348.75 50 0 2
260 348.75 50 0 2
300 348.75 90 0 2
340 348.75 200 0 2
380 348.75 300 0 2
140 270 -53.247 -367.998 8
60 225 -135.221 -386.665 8

Platform at 140 270
Number of edges: 6
260 348.75 190 0 2
300 348.75 190 0 2
340 348.75 270 0 2
200 303.75 50 0 2
100 270 -160 0 1
60 225 -85.7942 -327.999 8

Platform at 100 270
Number of edges: 1
140 270 160 0 1

Platform at 20 225
Number of edges: 2
60 225 160 0 1
100 123.75 70.5901 -429.331 8

Platform at 60 225
Number of edges: 5
20 225 -160 0 1
260 348.75 280 0 2
200 303.75 220 0 2
140 270 50 0 2
100 270 50 0 2

Platform at 100 123.75
Number of edges: 4
20 225 -50 0 2
60 225 -50 0 2
140 123.75 160 0 1
220 11.25 106.742 -437.331 8

Platform at 140 123.75
Number of edges: 4
100 123.75 -160 0 1
180 123.75 160 0 1
360 78.75 346.555 -261.332 8
220 11.25 71.1616 -437.331 8

Platform at 180 123.75
Number of edges: 3
140 123.75 -160 0 1
220 123.75 160 0 1
360 78.75 283.545 -261.332 8

Platform at 220 123.75
Number of edges: 3
180 123.75 -160 0 1
260 123.75 160 0 1
360 78.75 220.535 -261.332 8

Platform at 260 123.75
Number of edges: 3
220 123.75 -160 0 1
300 123.75 160 0 1
360 78.75 157.525 -261.332 8

Platform at 300 123.75
Number of edges: 2
260 123.75 -160 0 1
360 78.75 94.5151 -261.332 8

Platform at 580 225
Number of edges: 7
620 315 50 0 2
680 258.75 100 0 2
720 258.75 220 0 2
760 258.75 340 0 2
540 225 -160 0 1
400 168.75 -157.542 -391.998 8
400 78.75 -158.608 -469.331 8

Platform at 500 225
Number of edges: 8
300 348.75 -220 0 2
340 348.75 -160 0 2
380 348.75 -100 0 2
420 348.75 -50 0 2
460 348.75 -50 0 2
540 225 160 0 1
400 168.75 -107.932 -338.665 8
400 78.75 -88.1154 -469.331 8

Platform at 540 225
Number of edges: 4
580 225 160 0 1
500 225 -160 0 1
400 168.75 -122.532 -391.998 8
400 78.75 -123.362 -469.331 8

Platform at 400 168.75
Number of edges: 8
260 348.75 -110 0 2
300 348.75 -60 0 2
340 348.75 -50 0 2
460 348.75 50 0 2
500 348.75 60 0 2
580 225 270 0 2
500 225 80 0 2
540 225 180 0 2

Platform at 1380 326.25
Number of edges: 3
1440 472.5 50 0 2
1460 281.25 93.4754 -309.332 8
1340 326.25 -160 0 1

Platform at 1340 326.25
Number of edges: 6
1380 326.25 160 0 1
1280 416.25 -50 0 2
1220 371.25 -140 0 2
1140 371.25 -350 0 2
1180 371.25 -250 0 2
1460 281.25 140.213 -309.332 8

Platform at 1480 191.25
Number of edges: 3
1540 281.25 50 0 2
1440 191.25 -160 0 1
1240 191.25 -272.729 -263.999 8

Platform at 1320 191.25
Number of edges: 2
1360 191.25 160 0 1
1240 191.25 -118.422 -202.665 8

Platform at 1360 191.25
Number of edges: 3
1320 191.25 -160 0 1
1400 191.25 160 0 1
1240 191.25 -175.326 -205.332 8

Platform at 1400 191.25
Number of edges: 3
1360 191.25 -160 0 1
1440 191.25 160 0 1
1240 191.25 -219.513 -218.665 8

Platform at 1440 191.25
Number of edges: 3
1480 191.25 160 0 1
1400 191.25 -160 0 1
1240 191.25 -250.001 -239.999 8

Platform at 1240 191.25
Number of edges: 2
1320 191.25 118.422 -202.665 8
1200 191.25 -160 0 1

Platform at 1200 191.25
Number of edges: 5
1240 191.25 160 0 1
1100 371.25 -60 0 2
1140 371.25 -50 0 2
1320 191.25 177.633 -202.665 8
1120 146.25 -103.166 -290.665 8

Platform at 1120 146.25
Number of edges: 5
1240 191.25 150 0 2
1200 191.25 50 0 2
1080 146.25 -160 0 1
1220 101.25 88.5423 -378.665 8
1300 56.25 157.665 -421.332 8

Platform at 1040 146.25
Number of edges: 3
980 371.25 -50 0 2
1080 146.25 160 0 1
1220 101.25 159.376 -378.665 8

Platform at 1080 146.25
Number of edges: 4
1120 146.25 160 0 1
1040 146.25 -160 0 1
1220 101.25 123.959 -378.665 8
1300 56.25 190.777 -423.998 8

Platform at 1220 101.25
Number of edges: 6
1120 146.25 -90 0 2
1040 146.25 -300 0 2
1080 146.25 -200 0 2
1260 101.25 160 0 1
1300 56.25 70.8339 -378.665 8
1400 0 158.828 -429.331 8

Platform at 1260 101.25
Number of edges: 1
1220 101.25 -160 0 1

Platform at 1300 56.25
Number of edges: 7
1120 146.25 -220 0 2
1080 146.25 -290 0 2
1220 101.25 -50 0 2
1260 101.25 -50 0 2
1340 56.25 160 0 1
1400 0 88.3268 -389.332 8
1480 -45 178.732 -402.665 8

Platform at 1340 56.25
Number of edges: 4
1300 56.25 -160 0 1
1380 56.25 160 0 1
1400 0 52.9961 -389.332 8
1480 -45 139.014 -402.665 8

Platform at 1380 56.25
Number of edges: 2
1340 56.25 -160 0 1
1420 56.25 160 0 1

Platform at 1420 56.25
Number of edges: 2
1380 56.25 -160 0 1
1460 56.25 160 0 1

Platform at 1460 56.25
Number of edges: 2
1420 56.25 -160 0 1
1500 56.25 160 0 1

Platform at 1500 56.25
Number of edges: 2
1460 56.25 -160 0 1
1540 56.25 160 0 1

Platform at 1540 56.25
Number of edges: 1
1500 56.25 -160 0 1

Platform at 1400 0
Number of edges: 7
1220 101.25 -240 0 2
1260 101.25 -240 0 2
1300 56.25 -90 0 2
1340 56.25 -50 0 2
1380 56.25 -50 0 2
1440 0 160 0 1
1480 -45 93.4754 -309.332 8

Platform at 1440 0
Number of edges: 1
1400 0 -160 0 1

Platform at 1480 -45
Number of edges: 5
1300 56.25 -220 0 2
1340 56.25 -220 0 2
1400 0 -50 0 2
1440 0 -50 0 2
1540 -90 90.5723 -266.665 8

Platform at 1520 -45
Number of edges: 0

Platform at 1540 -90
Number of edges: 4
1480 -45 -50 0 2
1520 -45 -50 0 2
1460 -135 -70.8339 -378.665 8
1440 -258.75 -88.654 -487.998 8

Platform at 1460 -135
Number of edges: 2
1540 -90 50 0 2
1420 -135 -160 0 1

Platform at 620 -135
Number of edges: 4
660 -135 160 0 1
460 -22.5 -190 0 2
540 -78.75 -50 0 2
460 -135 -141.733 -338.665 8

Platform at 660 -135
Number of edges: 3
620 -135 -160 0 1
700 -135 160 0 1
460 -135 -175.782 -341.332 8

Platform at 700 -135
Number of edges: 3
660 -135 -160 0 1
740 -135 160 0 1
460 -135 -210.938 -341.332 8

Platform at 740 -135
Number of edges: 2
700 -135 -160 0 1
780 -135 160 0 1

Platform at 780 -135
Number of edges: 2
740 -135 -160 0 1
820 -135 160 0 1

Platform at 820 -135
Number of edges: 2
780 -135 -160 0 1
860 -135 160 0 1

Platform at 860 -135
Number of edges: 2
820 -135 -160 0 1
900 -135 160 0 1

Platform at 900 -135
Number of edges: 2
860 -135 -160 0 1
940 -135 160 0 1

Platform at 940 -135
Number of edges: 2
900 -135 -160 0 1
980 -135 160 0 1

Platform at 980 -135
Number of edges: 2
940 -135 -160 0 1
1020 -135 160 0 1

Platform at 1020 -135
Number of edges: 2
980 -135 -160 0 1
1060 -135 160 0 1

Platform at 1060 -135
Number of edges: 2
1020 -135 -160 0 1
1100 -135 160 0 1

Platform at 1100 -135
Number of edges: 3
1060 -135 -160 0 1
1140 -135 160 0 1
1260 -303.75 139.892 -490.665 8

Platform at 1140 -135
Number of edges: 3
1100 -135 -160 0 1
1180 -135 160 0 1
1260 -303.75 106.385 -487.998 8

Platform at 1180 -135
Number of edges: 3
1140 -135 -160 0 1
1220 -135 160 0 1
1260 -303.75 70.9232 -487.998 8

Platform at 1220 -135
Number of edges: 2
1180 -135 -160 0 1
1260 -135 160 0 1

Platform at 1260 -135
Number of edges: 2
1220 -135 -160 0 1
1300 -135 160 0 1

Platform at 1300 -135
Number of edges: 2
1260 -135 -160 0 1
1340 -135 160 0 1

Platform at 1340 -135
Number of edges: 2
1300 -135 -160 0 1
1380 -135 160 0 1

Platform at 1380 -135
Number of edges: 2
1340 -135 -160 0 1
1420 -135 160 0 1

Platform at 1420 -135
Number of edges: 2
1460 -135 160 0 1
1380 -135 -160 0 1

Platform at 360 78.75
Number of edges: 6
180 123.75 -300 0 2
220 123.75 -200 0 2
260 123.75 -90 0 2
300 123.75 -50 0 2
400 78.75 160 0 1
300 11.25 -81.8482 -311.999 8

Platform at 400 78.75
Number of edges: 4
360 78.75 -160 0 1
580 225 180 0 2
500 225 60 0 2
540 225 120 0 2

Platform at 300 11.25
Number of edges: 3
360 78.75 50 0 2
260 11.25 -160 0 1
380 -22.5 81.7714 -327.999 8

Platform at 220 11.25
Number of edges: 5
100 123.75 -100 0 2
140 123.75 -50 0 2
180 123.75 -50 0 2
260 11.25 160 0 1
380 -22.5 163.543 -327.999 8

Platform at 260 11.25
Number of edges: 3
300 11.25 160 0 1
220 11.25 -160 0 1
380 -22.5 122.657 -327.999 8

Platform at 380 -22.5
Number of edges: 5
300 11.25 -50 0 2
220 11.25 -280 0 2
260 11.25 -160 0 2
420 -22.5 160 0 1
540 -78.75 308.827 -263.999 8

Platform at 420 -22.5
Number of edges: 3
380 -22.5 -160 0 1
460 -22.5 160 0 1
540 -78.75 220.35 -266.665 8

Platform at 460 -22.5
Number of edges: 3
420 -22.5 -160 0 1
620 -135 193.705 -383.998 8
540 -78.75 121.821 -282.665 8

Platform at 540 -78.75
Number of edges: 5
620 -135 70.6614 -389.332 8
380 -22.5 -220 0 2
420 -22.5 -130 0 2
460 -22.5 -50 0 2
460 -135 -70.6614 -389.332 8

Platform at 460 -135
Number of edges: 5
620 -135 141.733 -338.665 8
540 -78.75 50 0 2
420 -135 -160 0 1
300 -146.25 -140.296 -351.998 8
240 -157.5 -190.855 -365.332 8

Platform at 340 -135
Number of edges: 5
380 -135 160 0 1
300 -146.25 -50.1622 -253.332 8
240 -157.5 -88.1952 -359.998 8
220 -168.75 -106.494 -367.998 8
180 -191.25 -140.037 -391.998 8

Platform at 380 -135
Number of edges: 7
340 -135 -160 0 1
620 -135 210.938 -341.332 8
420 -135 160 0 1
300 -146.25 -70.7157 -349.332 8
240 -157.5 -122.454 -362.665 8
220 -168.75 -140.775 -370.665 8
180 -191.25 -173.473 -394.665 8

Platform at 420 -135
Number of edges: 6
460 -135 160 0 1
380 -135 -160 0 1
620 -135 175.782 -341.332 8
300 -146.25 -105.222 -351.998 8
240 -157.5 -157.441 -362.665 8
220 -168.75 -175.968 -370.665 8

Platform at 20 -146.25
Number of edges: 0

Platform at 260 -146.25
Number of edges: 0

Platform at 300 -146.25
Number of edges: 8
340 -135 50 0 2
380 -135 70 0 2
420 -135 280 0 2
240 -157.5 -53.0367 -349.332 8
220 -168.75 -70.5562 -359.998 8
100 -213.75 -185.068 -386.665 8
180 -191.25 -106.251 -378.665 8
220 -326.25 -76.7828 -485.331 8

Platform at 40 -157.5
Number of edges: 0

Platform at 240 -157.5
Number of edges: 4
340 -135 320 0 2
380 -135 320 0 2
260 -146.25 50 0 2
300 -146.25 50 0 2

Platform at 60 -168.75
Number of edges: 0

Platform at 140 -168.75
Number of edges: 1
180 -191.25 50.3472 -266.665 8

Platform at 220 -168.75
Number of edges: 6
340 -135 300 0 2
380 -135 300 0 2
260 -146.25 110 0 2
300 -146.25 110 0 2
240 -157.5 50 0 2
180 -191.25 -50.3472 -266.665 8

Platform at 100 -213.75
Number of edges: 7
260 -146.25 330 0 2
300 -146.25 330 0 2
240 -157.5 320 0 2
220 -168.75 300 0 2
180 -191.25 50 0 2
40 -180 -50 0 2
20 -270 -121.821 -282.665 8

Platform at 180 -191.25
Number of edges: 9
340 -135 320 0 2
380 -135 320 0 2
260 -146.25 190 0 2
300 -146.25 190 0 2
240 -157.5 150 0 2
140 -168.75 -50 0 2
220 -168.75 50 0 2
100 -213.75 -84.0023 -309.332 8
20 -270 -262.784 -311.999 8

Platform at 40 -180
Number of edges: 2
100 -213.75 85.4761 -258.665 8
180 -191.25 132.34 -327.999 8

Platform at 20 -270
Number of edges: 4
220 -168.75 320 0 2
100 -213.75 50 0 2
180 -191.25 190 0 2
100 -326.25 70.6614 -389.332 8

Platform at 100 -326.25
Number of edges: 3
20 -270 -50 0 2
140 -326.25 160 0 1
300 -371.25 177.085 -378.665 8

Platform at 140 -326.25
Number of edges: 3
100 -326.25 -160 0 1
180 -326.25 160 0 1
300 -371.25 141.668 -378.665 8

Platform at 180 -326.25
Number of edges: 3
140 -326.25 -160 0 1
220 -326.25 160 0 1
300 -371.25 106.251 -378.665 8

Platform at 220 -326.25
Number of edges: 4
180 -326.25 -160 0 1
260 -146.25 50 0 2
300 -146.25 50 0 2
300 -371.25 70.8339 -378.665 8

Platform at 300 -371.25
Number of edges: 5
100 -326.25 -350 0 2
140 -326.25 -250 0 2
180 -326.25 -150 0 2
220 -326.25 -50 0 2
340 -371.25 160 0 1

Platform at 340 -371.25
Number of edges: 2
300 -371.25 -160 0 1
380 -371.25 160 0 1

Platform at 380 -371.25
Number of edges: 2
340 -371.25 -160 0 1
420 -135 50 0 2

Platform at 440 -438.75
Number of edges: 4
300 -371.25 -160 0 2
340 -371.25 -80 0 2
380 -371.25 -50 0 2
480 -438.75 160 0 1

Platform at 480 -438.75
Number of edges: 4
440 -438.75 -160 0 1
520 -438.75 160 0 1
400 -495 -70.6614 -389.332 8
280 -517.5 -172.346 -415.998 8

Platform at 520 -438.75
Number of edges: 2
480 -438.75 -160 0 1
400 -495 -105.992 -389.332 8

Platform at 1440 -258.75
Number of edges: 5
1480 -45 50 0 2
1520 -45 50 0 2
1540 -90 60 0 2
1400 -258.75 -160 0 1
1300 -303.75 -314.202 -234.665 8

Platform at 1360 -258.75
Number of edges: 1
1400 -258.75 160 0 1

Platform at 1400 -258.75
Number of edges: 2
1440 -258.75 160 0 1
1360 -258.75 -160 0 1

Platform at 1300 -303.75
Number of edges: 6
1440 -258.75 200 0 2
1360 -258.75 50 0 2
1400 -258.75 90 0 2
1260 -303.75 -160 0 1
1360 -360 52.9961 -389.332 8
1460 -461.25 142.344 -477.331 8

Platform at 1260 -303.75
Number of edges: 6
1300 -303.75 160 0 1
1100 -135 -140 0 2
1140 -135 -90 0 2
1180 -135 -50 0 2
1220 -135 -50 0 2
1360 -360 88.3268 -389.332 8

Platform at 1360 -360
Number of edges: 5
1300 -303.75 -50 0 2
1260 -303.75 -90 0 2
1400 -360 160 0 1
1540 -416.25 157.542 -391.998 8
1460 -461.25 88.2377 -429.331 8

Platform at 1400 -360
Number of edges: 3
1360 -360 -160 0 1
1440 -360 160 0 1
1460 -461.25 53.5141 -426.665 8

Platform at 1440 -360
Number of edges: 2
1400 -360 -160 0 1
1480 -360 160 0 1

Platform at 1480 -360
Number of edges: 2
1440 -360 -160 0 1
1540 -416.25 77.9484 -303.999 8

Platform at 1540 -416.25
Number of edges: 2
1480 -360 -50 0 2
1460 -461.25 -111.966 -277.332 8

Platform at 1460 -461.25
Number of edges: 5
1300 -303.75 -190 0 2
1360 -360 -70 0 2
1400 -360 -50 0 2
1540 -416.25 50 0 2
1540 -528.75 97.7514 -327.999 8

Platform at 1540 -528.75
Number of edges: 3
1400 -360 -180 0 2
1460 -461.25 -50 0 2
1480 -607.5 -53.2342 -407.998 8

Platform at 1480 -607.5
Number of edges: 3
1540 -528.75 50 0 2
1440 -607.5 -160 0 1
1260 -652.5 -257.057 -309.332 8

Platform at 1320 -607.5
Number of edges: 2
1360 -607.5 160 0 1
1260 -652.5 -70.1066 -309.332 8

Platform at 1360 -607.5
Number of edges: 3
1320 -607.5 -160 0 1
1400 -607.5 160 0 1
1260 -652.5 -116.844 -309.332 8

Platform at 1400 -607.5
Number of edges: 3
1360 -607.5 -160 0 1
1440 -607.5 160 0 1
1260 -652.5 -163.582 -309.332 8

Platform at 1440 -607.5
Number of edges: 3
1480 -607.5 160 0 1
1400 -607.5 -160 0 1
1260 -652.5 -210.32 -309.332 8

Platform at 1260 -652.5
Number of edges: 5
1320 -607.5 50 0 2
1360 -607.5 90 0 2
1400 -607.5 200 0 2
1440 -607.5 300 0 2
1220 -652.5 -160 0 1

Platform at 1220 -652.5
Number of edges: 1
1260 -652.5 160 0 1

Platform at 1180 -697.5
Number of edges: 0

Platform at 1100 -697.5
Number of edges: 1
1160 -877.5 52.9877 -498.665 8

Platform at 1140 -697.5
Number of edges: 0

Platform at 1140 -742.5
Number of edges: 2
1100 -697.5 -50 0 2
1180 -742.5 160 0 1

Platform at 1180 -742.5
Number of edges: 2
1140 -742.5 -160 0 1
1220 -742.5 160 0 1

Platform at 1220 -742.5
Number of edges: 2
1180 -742.5 -160 0 1
1260 -742.5 160 0 1

Platform at 1260 -742.5
Number of edges: 3
1220 -742.5 -160 0 1
1300 -742.5 160 0 1
1320 -832.5 59.4367 -391.998 8

Platform at 1300 -742.5
Number of edges: 2
1260 -742.5 -160 0 1
1340 -742.5 160 0 1

Platform at 1340 -742.5
Number of edges: 2
1300 -742.5 -160 0 1
1380 -742.5 160 0 1

Platform at 1380 -742.5
Number of edges: 1
1340 -742.5 -160 0 1

Platform at 1420 -742.5
Number of edges: 0

Platform at 1500 -742.5
Number of edges: 1
1540 -742.5 160 0 1

Platform at 1540 -742.5
Number of edges: 3
1500 -742.5 -160 0 1
1460 -787.5 -89.9832 -317.332 8
1360 -832.5 -157.665 -421.332 8

Platform at 1460 -787.5
Number of edges: 6
1500 -742.5 50 0 2
1540 -742.5 50 0 2
1420 -787.5 -160 0 1
1360 -832.5 -88.5423 -378.665 8
1240 -877.5 -190.777 -423.998 8
1540 -877.5 70.7913 -418.665 8

Platform at 1420 -787.5
Number of edges: 4
1460 -787.5 160 0 1
1360 -832.5 -53.1254 -378.665 8
1240 -877.5 -157.665 -421.332 8
1540 -877.5 105.11 -421.332 8

Platform at 1360 -832.5
Number of edges: 7
1540 -742.5 270 0 2
1460 -787.5 90 0 2
1420 -787.5 50 0 2
1320 -832.5 -160 0 1
1240 -877.5 -106.251 -378.665 8
1160 -877.5 -177.085 -378.665 8
1540 -877.5 159.376 -378.665 8

Platform at 1320 -832.5
Number of edges: 5
1360 -832.5 160 0 1
1260 -742.5 -50 0 2
1240 -877.5 -70.8339 -378.665 8
1160 -877.5 -141.668 -378.665 8
1540 -877.5 194.793 -378.665 8

Platform at 1240 -877.5
Number of edges: 6
1460 -787.5 320 0 2
1420 -787.5 320 0 2
1360 -832.5 150 0 2
1320 -832.5 50 0 2
1080 -877.5 -141.733 -338.665 8
1160 -877.5 -70.8665 -338.665 8

Platform at 360 -877.5
Number of edges: 5
440 -877.5 70.8665 -338.665 8
520 -877.5 141.733 -338.665 8
600 -877.5 210.938 -341.332 8
280 -877.5 -70.8665 -338.665 8
200 -877.5 -285.717 -167.999 8

Platform at 440 -877.5
Number of edges: 5
360 -877.5 -70.8665 -338.665 8
520 -877.5 70.8665 -338.665 8
600 -877.5 141.733 -338.665 8
680 -877.5 210.938 -341.332 8
280 -877.5 -141.733 -338.665 8

Platform at 520 -877.5
Number of edges: 6
360 -877.5 -141.733 -338.665 8
440 -877.5 -70.8665 -338.665 8
600 -877.5 70.8665 -338.665 8
680 -877.5 141.733 -338.665 8
760 -877.5 210.938 -341.332 8
280 -877.5 -210.938 -341.332 8

Platform at 600 -877.5
Number of edges: 6
360 -877.5 -210.938 -341.332 8
440 -877.5 -141.733 -338.665 8
520 -877.5 -70.8665 -338.665 8
680 -877.5 70.8665 -338.665 8
760 -877.5 141.733 -338.665 8
840 -877.5 210.938 -341.332 8

Platform at 680 -877.5
Number of edges: 6
440 -877.5 -210.938 -341.332 8
520 -877.5 -141.733 -338.665 8
600 -877.5 -70.8665 -338.665 8
760 -877.5 70.8665 -338.665 8
840 -877.5 141.733 -338.665 8
920 -877.5 210.938 -341.332 8

Platform at 760 -877.5
Number of edges: 6
520 -877.5 -210.938 -341.332 8
600 -877.5 -141.733 -338.665 8
680 -877.5 -70.8665 -338.665 8
840 -877.5 70.8665 -338.665 8
920 -877.5 141.733 -338.665 8
1000 -877.5 210.938 -341.332 8

Platform at 840 -877.5
Number of edges: 5
600 -877.5 -210.938 -341.332 8
680 -877.5 -141.733 -338.665 8
760 -877.5 -70.8665 -338.665 8
920 -877.5 70.8665 -338.665 8
1000 -877.5 141.733 -338.665 8

Platform at 920 -877.5
Number of edges: 4
680 -877.5 -210.938 -341.332 8
760 -877.5 -141.733 -338.665 8
840 -877.5 -70.8665 -338.665 8
1000 -877.5 70.8665 -338.665 8

Platform at 1000 -877.5
Number of edges: 0

Platform at 1080 -877.5
Number of edges: 2
1240 -877.5 216.869 -221.332 8
1160 -877.5 147.542 -162.665 8

Platform at 1160 -877.5
Number of edges: 2
1240 -877.5 70.8665 -338.665 8
1080 -877.5 -70.8665 -338.665 8

Platform at 400 -495
Number of edges: 5
440 -438.75 50 0 2
480 -438.75 50 0 2
520 -438.75 130 0 2
360 -495 -160 0 1
280 -517.5 -105.834 -359.998 8

Platform at 320 -495
Number of edges: 2
360 -495 160 0 1
280 -517.5 -50.3472 -266.665 8

Platform at 360 -495
Number of edges: 3
400 -495 160 0 1
320 -495 -160 0 1
280 -517.5 -70.5562 -359.998 8

Platform at 280 -517.5
Number of edges: 5
400 -495 200 0 2
320 -495 50 0 2
360 -495 50 0 2
240 -517.5 -160 0 1
60 -562.5 -235.934 -327.999 8

Platform at 80 -517.5
Number of edges: 0

Platform at 120 -517.5
Number of edges: 2
160 -517.5 160 0 1
60 -562.5 -64.3456 -327.999 8

Platform at 160 -517.5
Number of edges: 3
120 -517.5 -160 0 1
200 -517.5 160 0 1
60 -562.5 -107.243 -327.999 8

Platform at 200 -517.5
Number of edges: 3
160 -517.5 -160 0 1
240 -517.5 160 0 1
60 -562.5 -150.14 -327.999 8

Platform at 240 -517.5
Number of edges: 3
280 -517.5 160 0 1
200 -517.5 -160 0 1
60 -562.5 -193.037 -327.999 8

Platform at 20 -562.5
Number of edges: 2
60 -562.5 160 0 1
80 -663.75 53.5141 -426.665 8

Platform at 60 -562.5
Number of edges: 6
20 -562.5 -160 0 1
80 -517.5 50 0 2
120 -517.5 50 0 2
160 -517.5 90 0 2
200 -517.5 200 0 2
240 -517.5 300 0 2

Platform at 80 -663.75
Number of edges: 2
20 -562.5 -50 0 2
120 -663.75 160 0 1

Platform at 120 -663.75
Number of edges: 2
80 -663.75 -160 0 1
160 -663.75 160 0 1

Platform at 160 -663.75
Number of edges: 2
120 -663.75 -160 0 1
200 -663.75 160 0 1

Platform at 200 -663.75
Number of edges: 2
160 -663.75 -160 0 1
240 -663.75 160 0 1

Platform at 240 -663.75
Number of edges: 2
200 -663.75 -160 0 1
280 -663.75 160 0 1

Platform at 280 -663.75
Number of edges: 1
240 -663.75 -160 0 1

Platform at 340 -708.75
Number of edges: 2
380 -708.75 160 0 1
280 -877.5 -53.9635 -485.331 8

Platform at 380 -708.75
Number of edges: 5
340 -708.75 -160 0 1
440 -877.5 53.9635 -485.331 8
420 -708.75 160 0 1
300 -753.75 -73.4681 -367.998 8
200 -787.5 -189.377 -367.998 8

Platform at 420 -708.75
Number of edges: 5
380 -708.75 -160 0 1
360 -877.5 -53.9635 -485.331 8
460 -708.75 160 0 1
300 -753.75 -110.202 -367.998 8
200 -787.5 -231.46 -367.998 8

Platform at 460 -708.75
Number of edges: 3
420 -708.75 -160 0 1
520 -877.5 53.9635 -485.331 8
300 -753.75 -146.936 -367.998 8

Platform at 300 -753.75
Number of edges: 6
340 -708.75 50 0 2
380 -708.75 50 0 2
420 -708.75 150 0 2
460 -708.75 250 0 2
260 -753.75 -160 0 1
200 -787.5 -123.05 -285.332 8

Platform at 260 -753.75
Number of edges: 2
300 -753.75 160 0 1
200 -787.5 -73.8302 -285.332 8

Platform at 200 -787.5
Number of edges: 5
380 -708.75 310 0 2
420 -708.75 310 0 2
300 -753.75 110 0 2
260 -753.75 50 0 2
160 -787.5 -160 0 1

Platform at 120 -787.5
Number of edges: 3
60 -562.5 -80 0 2
80 -663.75 -50 0 2
160 -787.5 160 0 1

Platform at 160 -787.5
Number of edges: 2
200 -787.5 160 0 1
120 -787.5 -160 0 1

Platform at 280 -877.5
Number of edges: 5
360 -877.5 70.8665 -338.665 8
440 -877.5 141.733 -338.665 8
520 -877.5 210.938 -341.332 8
120 -877.5 -272.729 -175.999 8
200 -877.5 -145.163 -165.332 8

Platform at 40 -877.5
Number of edges: 1
120 -877.5 200.002 -119.999 8

Platform at 120 -877.5
Number of edges: 3
280 -877.5 264.708 -181.332 8
40 -877.5 -200.002 -119.999 8
200 -877.5 91.8372 -261.332 8

Platform at 200 -877.5
Number of edges: 3
360 -877.5 285.717 -167.999 8
280 -877.5 145.163 -165.332 8
120 -877.5 -87.379 -274.665 8

Platform at 1540 -877.5
Number of edges: 3
1460 -787.5 -50 0 2
1420 -787.5 -110 0 2
1360 -832.5 -290 0 2

Platform at 1020 -1406.25
Number of edges: 1
980 -1406.25 -160 0 1

Platform at 460 -1406.25
Number of edges: 1
500 -1406.25 160 0 1

Platform at 500 -1406.25
Number of edges: 2
460 -1406.25 -160 0 1
540 -1406.25 160 0 1

Platform at 540 -1406.25
Number of edges: 2
500 -1406.25 -160 0 1
580 -1406.25 160 0 1

Platform at 580 -1406.25
Number of edges: 2
540 -1406.25 -160 0 1
620 -1406.25 160 0 1

Platform at 620 -1406.25
Number of edges: 2
580 -1406.25 -160 0 1
660 -1406.25 160 0 1

Platform at 660 -1406.25
Number of edges: 2
620 -1406.25 -160 0 1
700 -1406.25 160 0 1

Platform at 700 -1406.25
Number of edges: 2
660 -1406.25 -160 0 1
740 -1406.25 160 0 1

Platform at 740 -1406.25
Number of edges: 2
700 -1406.25 -160 0 1
780 -1406.25 160 0 1

Platform at 780 -1406.25
Number of edges: 2
740 -1406.25 -160 0 1
820 -1406.25 160 0 1

Platform at 820 -1406.25
Number of edges: 2
780 -1406.25 -160 0 1
860 -1406.25 160 0 1

Platform at 860 -1406.25
Number of edges: 2
820 -1406.25 -160 0 1
900 -1406.25 160 0 1

Platform at 900 -1406.25
Number of edges: 2
860 -1406.25 -160 0 1
940 -1406.25 160 0 1

Platform at 940 -1406.25
Number of edges: 2
900 -1406.25 -160 0 1
980 -1406.25 160 0 1

Platform at 980 -1406.25
Number of edges: 2
1020 -1406.25 160 0 1
940 -1406.25 -160 0 1

Platform at 1100 -1406.25
Number of edges: 1
1140 -1406.25 160 0 1

Platform at 1140 -1406.25
Number of edges: 2
1100 -1406.25 -160 0 1
1180 -1406.25 160 0 1

Platform at 1180 -1406.25
Number of edges: 2
1140 -1406.25 -160 0 1
1220 -1406.25 160 0 1

Platform at 1220 -1406.25
Number of edges: 2
1180 -1406.25 -160 0 1
1260 -1406.25 160 0 1

Platform at 1260 -1406.25
Number of edges: 2
1220 -1406.25 -160 0 1
1300 -1406.25 160 0 1

Platform at 1300 -1406.25
Number of edges: 2
1260 -1406.25 -160 0 1
1340 -1406.25 160 0 1

Platform at 1340 -1406.25
Number of edges: 2
1300 -1406.25 -160 0 1
1380 -1406.25 160 0 1

Platform at 1380 -1406.25
Number of edges: 3
1340 -1406.25 -160 0 1
1420 -1406.25 160 0 1
1480 -1485 157.128 -314.665 8

Platform at 1420 -1406.25
Number of edges: 4
1380 -1406.25 -160 0 1
1460 -1406.25 160 0 1
1360 -1485 -53.2342 -407.998 8
1480 -1485 53.2342 -407.998 8

Platform at 1460 -1406.25
Number of edges: 3
1420 -1406.25 -160 0 1
1500 -1406.25 160 0 1
1360 -1485 -157.128 -314.665 8

Platform at 1500 -1406.25
Number of edges: 2
1460 -1406.25 -160 0 1
1540 -1406.25 160 0 1

Platform at 1540 -1406.25
Number of edges: 1
1500 -1406.25 -160 0 1

Platform at 1060 -1451.25
Number of edges: 0

Platform at 800 450
Number of edges: 4
980 371.25 159.703 -407.998 8
740 562.5 -50 0 2
720 405 -70.8339 -378.665 8
840 450 160 0 1

Platform at 840 450
Number of edges: 4
800 450 -160 0 1
980 371.25 124.213 -407.998 8
900 562.5 50 0 2
720 405 -106.251 -378.665 8

Platform at 0 -1485
Number of edges: 1
40 -1485 160 0 1

Platform at 40 -1485
Number of edges: 2
0 -1485 -160 0 1
80 -1485 160 0 1

Platform at 80 -1485
Number of edges: 2
40 -1485 -160 0 1
120 -1485 160 0 1

Platform at 120 -1485
Number of edges: 2
80 -1485 -160 0 1
160 -1485 160 0 1

Platform at 160 -1485
Number of edges: 2
120 -1485 -160 0 1
200 -1485 160 0 1

Platform at 200 -1485
Number of edges: 2
160 -1485 -160 0 1
240 -1485 160 0 1

Platform at 240 -1485
Number of edges: 2
200 -1485 -160 0 1
280 -1485 160 0 1

Platform at 280 -1485
Number of edges: 2
240 -1485 -160 0 1
320 -1485 160 0 1

Platform at 320 -1485
Number of edges: 2
280 -1485 -160 0 1
360 -1485 160 0 1

Platform at 360 -1485
Number of edges: 2
320 -1485 -160 0 1
400 -1485 160 0 1

Platform at 400 -1485
Number of edges: 2
360 -1485 -160 0 1
440 -1485 160 0 1

Platform at 440 -1485
Number of edges: 2
400 -1485 -160 0 1
480 -1485 160 0 1

Platform at 480 -1485
Number of edges: 2
440 -1485 -160 0 1
520 -1485 160 0 1

Platform at 520 -1485
Number of edges: 2
480 -1485 -160 0 1
560 -1485 160 0 1

Platform at 560 -1485
Number of edges: 2
520 -1485 -160 0 1
600 -1485 160 0 1

Platform at 600 -1485
Number of edges: 2
560 -1485 -160 0 1
640 -1485 160 0 1

Platform at 640 -1485
Number of edges: 2
600 -1485 -160 0 1
680 -1485 160 0 1

Platform at 680 -1485
Number of edges: 2
640 -1485 -160 0 1
720 -1485 160 0 1

Platform at 720 -1485
Number of edges: 2
680 -1485 -160 0 1
760 -1485 160 0 1

Platform at 760 -1485
Number of edges: 2
720 -1485 -160 0 1
800 -1485 160 0 1

Platform at 800 -1485
Number of edges: 2
760 -1485 -160 0 1
840 -1485 160 0 1

Platform at 840 -1485
Number of edges: 2
800 -1485 -160 0 1
880 -1485 160 0 1

Platform at 880 -1485
Number of edges: 2
840 -1485 -160 0 1
920 -1485 160 0 1

Platform at 920 -1485
Number of edges: 2
880 -1485 -160 0 1
960 -1485 160 0 1

Platform at 960 -1485
Number of edges: 2
920 -1485 -160 0 1
1000 -1485 160 0 1

Platform at 1000 -1485
Number of edges: 2
960 -1485 -160 0 1
1040 -1485 160 0 1

Platform at 1040 -1485
Number of edges: 2
1000 -1485 -160 0 1
1080 -1485 160 0 1

Platform at 1080 -1485
Number of edges: 2
1040 -1485 -160 0 1
1120 -1485 160 0 1

Platform at 1120 -1485
Number of edges: 2
1080 -1485 -160 0 1
1160 -1485 160 0 1

Platform at 1160 -1485
Number of edges: 2
1120 -1485 -160 0 1
1200 -1485 160 0 1

Platform at 1200 -1485
Number of edges: 2
1160 -1485 -160 0 1
1240 -1485 160 0 1

Platform at 1240 -1485
Number of edges: 3
1200 -1485 -160 0 1
1280 -1485 160 0 1
1480 -1485 210.938 -341.332 8

Platform at 1280 -1485
Number of edges: 3
1240 -1485 -160 0 1
1320 -1485 160 0 1
1480 -1485 175.782 -341.332 8

Platform at 1320 -1485
Number of edges: 3
1280 -1485 -160 0 1
1360 -1485 160 0 1
1480 -1485 141.733 -338.665 8

Platform at 1360 -1485
Number of edges: 4
1320 -1485 -160 0 1
1420 -1406.25 50 0 2
1460 -1406.25 80 0 2
1480 -1485 106.3 -338.665 8

Platform at 1480 -1485
Number of edges: 4
1380 -1406.25 -80 0 2
1420 -1406.25 -50 0 2
1360 -1485 -106.3 -338.665 8
1520 -1485 160 0 1

Platform at 1520 -1485
Number of edges: 3
1480 -1485 -160 0 1
1360 -1485 -141.733 -338.665 8
1560 -1485 160 0 1

Platform at 1560 -1485
Number of edges: 2
1520 -1485 -160 0 1
1360 -1485 -175.782 -341.332 8

