Platform at 120 888.75
Number of edges: 2
260 832.5 225.941 -276.669 8
160 888.75 100 0 1

Platform at 280 888.75
Number of edges: 1
440 888.75 287.996 -166.669 8

Platform at 520 888.75
Number of edges: 3
280 888.75 -260.239 -276.669 8
560 888.75 100 0 1
480 888.75 -100 0 1

Platform at 560 888.75
Number of edges: 2
520 888.75 -100 0 1
600 888.75 100 0 1

Platform at 600 888.75
Number of edges: 2
560 888.75 -100 0 1
640 888.75 100 0 1

Platform at 640 888.75
Number of edges: 2
600 888.75 -100 0 1
680 888.75 100 0 1

Platform at 680 888.75
Number of edges: 3
640 888.75 -100 0 1
720 888.75 100 0 1
920 877.5 272.852 -276.669 8

Platform at 720 888.75
Number of edges: 4
680 888.75 -100 0 1
760 888.75 100 0 1
920 877.5 227.377 -276.669 8
960 866.25 288.428 -276.669 8

Platform at 760 888.75
Number of edges: 4
720 888.75 -100 0 1
800 888.75 100 0 1
920 877.5 181.902 -276.669 8
960 866.25 240.357 -276.669 8

Platform at 800 888.75
Number of edges: 4
760 888.75 -100 0 1
840 888.75 100 0 1
920 877.5 136.426 -276.669 8
960 866.25 192.286 -276.669 8

Platform at 840 888.75
Number of edges: 5
800 888.75 -100 0 1
880 888.75 100 0 1
920 877.5 90.9508 -276.669 8
960 866.25 144.214 -276.669 8
1020 843.75 253.033 -276.669 8

Platform at 880 888.75
Number of edges: 2
840 888.75 -100 0 1
920 877.5 45.4754 -276.669 8

Platform at 240 877.5
Number of edges: 3
120 888.75 -240 0 2
160 888.75 -30 0 2
200 888.75 -20 0 2

Platform at 80 866.25
Number of edges: 3
120 888.75 20 0 2
160 888.75 20 0 2
200 888.75 170 0 2

Platform at 40 855
Number of edges: 4
120 888.75 220 0 2
80 866.25 20 0 2
160 888.75 220 0 2
200 888.75 260 0 2

Platform at 20 832.5
Number of edges: 6
120 888.75 190 0 2
80 866.25 80 0 2
40 855 20 0 2
100 776.25 93.0577 -323.336 8
160 888.75 190 0 2
200 888.75 250 0 2

Platform at 260 832.5
Number of edges: 7
120 888.75 -160 0 2
280 888.75 20 0 2
240 877.5 -20 0 2
80 866.25 -300 0 2
440 888.75 240 0 2
160 888.75 -70 0 2
200 888.75 -60 0 2

Platform at 920 877.5
Number of edges: 4
800 888.75 -240 0 2
840 888.75 -30 0 2
880 888.75 -20 0 2
960 866.25 50.1614 -253.336 8

Platform at 960 866.25
Number of edges: 3
840 888.75 -220 0 2
880 888.75 -220 0 2
920 877.5 -20 0 2

Platform at 1000 855
Number of edges: 4
840 888.75 -300 0 2
880 888.75 -300 0 2
920 877.5 -220 0 2
960 866.25 -20 0 2

Platform at 1020 843.75
Number of edges: 4
920 877.5 -220 0 2
960 866.25 -110 0 2
1000 855 -20 0 2
1080 832.5 142.071 -153.336 8

Platform at 1060 843.75
Number of edges: 0

Platform at 1380 843.75
Number of edges: 0

Platform at 1420 843.75
Number of edges: 2
1460 843.75 100 0 1
1360 832.5 -142.071 -153.336 8

Platform at 1460 843.75
Number of edges: 3
1420 843.75 -100 0 1
1500 843.75 100 0 1
1360 832.5 -236.785 -153.336 8

Platform at 1500 843.75
Number of edges: 3
1460 843.75 -100 0 1
1540 843.75 100 0 1
1420 776.25 -100.675 -323.336 8

Platform at 1540 843.75
Number of edges: 2
1500 843.75 -100 0 1
1420 776.25 -151.012 -323.336 8

Platform at 1080 832.5
Number of edges: 3
1020 843.75 -20 0 2
1060 843.75 -20 0 2
1120 832.5 100 0 1

Platform at 1120 832.5
Number of edges: 2
1080 832.5 -100 0 1
1160 832.5 100 0 1

Platform at 1160 832.5
Number of edges: 4
1120 832.5 -100 0 1
1200 832.5 100 0 1
1220 776.25 52.2758 -393.336 8
1320 708.75 138.706 -453.336 8

Platform at 1200 832.5
Number of edges: 2
1160 832.5 -100 0 1
1240 832.5 100 0 1

Platform at 1240 832.5
Number of edges: 2
1200 832.5 -100 0 1
1280 832.5 100 0 1

Platform at 1280 832.5
Number of edges: 2
1240 832.5 -100 0 1
1320 832.5 100 0 1

Platform at 1320 832.5
Number of edges: 2
1280 832.5 -100 0 1
1360 832.5 100 0 1

Platform at 1360 832.5
Number of edges: 4
1320 832.5 -100 0 1
1380 843.75 20 0 2
1420 843.75 20 0 2
1460 843.75 130 0 2

Platform at 100 776.25
Number of edges: 2
20 832.5 -20 0 2
140 776.25 100 0 1

Platform at 140 776.25
Number of edges: 2
100 776.25 -100 0 1
180 776.25 100 0 1

Platform at 180 776.25
Number of edges: 3
140 776.25 -100 0 1
220 776.25 100 0 1
100 697.5 -113.324 -323.336 8

Platform at 220 776.25
Number of edges: 3
180 776.25 -100 0 1
260 776.25 100 0 1
100 697.5 -169.986 -323.336 8

Platform at 260 776.25
Number of edges: 3
220 776.25 -100 0 1
300 776.25 100 0 1
100 697.5 -226.647 -323.336 8

Platform at 300 776.25
Number of edges: 3
260 776.25 -100 0 1
340 776.25 100 0 1
100 697.5 -283.309 -323.336 8

Platform at 340 776.25
Number of edges: 2
300 776.25 -100 0 1
380 776.25 100 0 1

Platform at 380 776.25
Number of edges: 2
340 776.25 -100 0 1
420 776.25 100 0 1

Platform at 420 776.25
Number of edges: 2
380 776.25 -100 0 1
460 776.25 100 0 1

Platform at 460 776.25
Number of edges: 2
420 776.25 -100 0 1
500 776.25 100 0 1

Platform at 500 776.25
Number of edges: 2
460 776.25 -100 0 1
540 776.25 100 0 1

Platform at 540 776.25
Number of edges: 2
500 776.25 -100 0 1
580 776.25 100 0 1

Platform at 580 776.25
Number of edges: 2
540 776.25 -100 0 1
620 776.25 100 0 1

Platform at 680 776.25
Number of edges: 3
720 776.25 100 0 1
560 652.5 -127.926 -413.336 8
620 776.25 -100 0 1

Platform at 720 776.25
Number of edges: 4
680 776.25 -100 0 1
760 776.25 100 0 1
640 585 -70.0791 -510.003 8
560 652.5 -170.568 -413.336 8

Platform at 760 776.25
Number of edges: 3
720 776.25 -100 0 1
800 776.25 100 0 1
560 652.5 -213.211 -413.336 8

Platform at 800 776.25
Number of edges: 2
760 776.25 -100 0 1
840 776.25 100 0 1

Platform at 840 776.25
Number of edges: 2
800 776.25 -100 0 1
880 776.25 100 0 1

Platform at 880 776.25
Number of edges: 3
840 776.25 -100 0 1
920 776.25 100 0 1
980 596.25 87.6678 -500.003 8

Platform at 920 776.25
Number of edges: 2
880 776.25 -100 0 1
960 776.25 100 0 1

Platform at 960 776.25
Number of edges: 3
920 776.25 -100 0 1
1000 776.25 100 0 1
860 596.25 -87.6678 -500.003 8

Platform at 1000 776.25
Number of edges: 3
960 776.25 -100 0 1
1040 776.25 100 0 1
1220 776.25 190.383 -346.669 8

Platform at 1040 776.25
Number of edges: 3
1000 776.25 -100 0 1
1080 776.25 100 0 1
1220 776.25 155.768 -346.669 8

Platform at 1080 776.25
Number of edges: 3
1040 776.25 -100 0 1
1120 776.25 100 0 1
1220 776.25 121.153 -346.669 8

Platform at 1120 776.25
Number of edges: 5
1080 776.25 -100 0 1
1160 832.5 20 0 2
1200 832.5 20 0 2
1220 776.25 87.378 -343.336 8
1320 708.75 178.312 -396.669 8

Platform at 1220 776.25
Number of edges: 5
1160 832.5 -20 0 2
1200 832.5 -20 0 2
1120 776.25 -87.378 -343.336 8
1260 776.25 100 0 1
1320 708.75 89.156 -396.669 8

Platform at 1260 776.25
Number of edges: 4
1220 776.25 -100 0 1
1120 776.25 -121.153 -346.669 8
1300 776.25 100 0 1
1320 708.75 53.4936 -396.669 8

Platform at 1300 776.25
Number of edges: 3
1260 776.25 -100 0 1
1120 776.25 -202.498 -266.669 8
1340 776.25 100 0 1

Platform at 1340 776.25
Number of edges: 2
1300 776.25 -100 0 1
1380 776.25 100 0 1

Platform at 1380 776.25
Number of edges: 2
1340 776.25 -100 0 1
1420 776.25 100 0 1

Platform at 1420 776.25
Number of edges: 4
1380 776.25 -100 0 1
1460 843.75 20 0 2
1500 843.75 20 0 2
1540 843.75 110 0 2

Platform at 1320 708.75
Number of edges: 6
1120 776.25 -270 0 2
1220 776.25 -60 0 2
1260 776.25 -20 0 2
1300 776.25 -20 0 2
1360 708.75 100 0 1
1500 652.5 290.496 -276.669 8

Platform at 1360 708.75
Number of edges: 3
1320 708.75 -100 0 1
1400 708.75 100 0 1
1500 652.5 225.941 -276.669 8

Platform at 1400 708.75
Number of edges: 3
1360 708.75 -100 0 1
1440 708.75 100 0 1
1500 652.5 156.083 -280.002 8

Platform at 1440 708.75
Number of edges: 3
1400 708.75 -100 0 1
1480 708.75 100 0 1
1500 652.5 71.0309 -320.002 8

Platform at 1480 708.75
Number of edges: 3
1440 708.75 -100 0 1
1500 843.75 20 0 2
1540 843.75 20 0 2

Platform at 1540 652.5
Number of edges: 2
1500 652.5 -100 0 1
1420 596.25 -126.808 -343.336 8

Platform at 1500 652.5
Number of edges: 7
1540 652.5 100 0 1
1320 708.75 -250 0 2
1360 708.75 -160 0 2
1400 708.75 -70 0 2
1440 708.75 -20 0 2
1480 708.75 -20 0 2
1420 596.25 -84.5384 -343.336 8

Platform at 1420 596.25
Number of edges: 3
1540 652.5 110 0 2
1500 652.5 20 0 2
1380 596.25 -100 0 1

Platform at 980 596.25
Number of edges: 6
840 776.25 -100 0 2
880 776.25 -50 0 2
920 776.25 -20 0 2
960 776.25 -20 0 2
1020 596.25 100 0 1
860 596.25 -104.854 -343.336 8

Platform at 1020 596.25
Number of edges: 3
980 596.25 -100 0 1
1060 596.25 100 0 1
860 596.25 -139.805 -343.336 8

Platform at 1060 596.25
Number of edges: 4
1020 596.25 -100 0 1
1100 596.25 100 0 1
860 596.25 -174.756 -343.336 8
1260 506.25 271.045 -343.336 8

Platform at 1100 596.25
Number of edges: 4
1060 596.25 -100 0 1
1140 596.25 100 0 1
860 596.25 -209.707 -343.336 8
1260 506.25 210.052 -346.669 8

Platform at 1140 596.25
Number of edges: 3
1100 596.25 -100 0 1
1180 596.25 100 0 1
1260 506.25 145.372 -356.669 8

Platform at 1180 596.25
Number of edges: 3
1140 596.25 -100 0 1
1220 596.25 100 0 1
1260 506.25 69.5456 -423.336 8

Platform at 1220 596.25
Number of edges: 3
1180 596.25 -100 0 1
1260 596.25 100 0 1
1160 450 -52.7023 -470.003 8

Platform at 1260 596.25
Number of edges: 2
1220 596.25 -100 0 1
1300 596.25 100 0 1

Platform at 1300 596.25
Number of edges: 2
1260 596.25 -100 0 1
1340 596.25 100 0 1

Platform at 1340 596.25
Number of edges: 2
1300 596.25 -100 0 1
1380 596.25 100 0 1

Platform at 1380 596.25
Number of edges: 2
1420 596.25 100 0 1
1340 596.25 -100 0 1

Platform at 860 596.25
Number of edges: 7
880 776.25 20 0 2
920 776.25 20 0 2
960 776.25 50 0 2
1000 776.25 100 0 2
980 596.25 104.854 -343.336 8
820 596.25 -100 0 1
640 585 -190.234 -356.669 8

Platform at 740 596.25
Number of edges: 5
680 776.25 -20 0 2
720 776.25 -20 0 2
980 596.25 209.707 -343.336 8
780 596.25 100 0 1
640 585 -87.3335 -353.336 8

Platform at 780 596.25
Number of edges: 4
740 596.25 -100 0 1
980 596.25 174.756 -343.336 8
820 596.25 100 0 1
640 585 -121.058 -356.669 8

Platform at 820 596.25
Number of edges: 4
860 596.25 100 0 1
780 596.25 -100 0 1
980 596.25 139.805 -343.336 8
640 585 -155.646 -356.669 8

Platform at 20 697.5
Number of edges: 2
60 697.5 100 0 1
160 641.25 120.618 -396.669 8

Platform at 60 697.5
Number of edges: 3
20 697.5 -100 0 1
100 697.5 100 0 1
160 641.25 87.1264 -393.336 8

Platform at 100 697.5
Number of edges: 7
60 697.5 -100 0 1
140 776.25 20 0 2
180 776.25 20 0 2
220 776.25 100 0 2
260 776.25 180 0 2
300 776.25 250 0 2
160 641.25 52.2758 -393.336 8

Platform at 160 641.25
Number of edges: 5
20 697.5 -160 0 2
60 697.5 -70 0 2
100 697.5 -20 0 2
200 641.25 100 0 1
280 517.5 159.993 -390.003 8

Platform at 200 641.25
Number of edges: 3
160 641.25 -100 0 1
240 641.25 100 0 1
280 517.5 69.353 -453.336 8

Platform at 240 641.25
Number of edges: 3
200 641.25 -100 0 1
280 641.25 100 0 1
160 517.5 -69.353 -453.336 8

Platform at 280 641.25
Number of edges: 3
240 641.25 -100 0 1
320 641.25 100 0 1
160 517.5 -159.993 -390.003 8

Platform at 320 641.25
Number of edges: 3
280 641.25 -100 0 1
360 641.25 100 0 1
520 585 266.663 -300.002 8

Platform at 360 641.25
Number of edges: 3
320 641.25 -100 0 1
400 641.25 100 0 1
520 585 213.33 -300.002 8

Platform at 400 641.25
Number of edges: 3
360 641.25 -100 0 1
440 641.25 100 0 1
520 585 159.998 -300.002 8

Platform at 440 641.25
Number of edges: 5
400 641.25 -100 0 1
520 585 100.183 -310.002 8
480 652.5 20 0 2
520 652.5 30 0 2
560 652.5 240 0 2

Platform at 520 585
Number of edges: 7
320 641.25 -290 0 2
360 641.25 -200 0 2
400 641.25 -110 0 2
440 641.25 -20 0 2
560 585 100 0 1
440 517.5 -69.6527 -403.336 8
420 405 -87.6678 -500.003 8

Platform at 560 585
Number of edges: 4
520 585 -100 0 1
600 585 100 0 1
440 517.5 -103.277 -406.669 8
420 405 -122.735 -500.003 8

Platform at 600 585
Number of edges: 3
560 585 -100 0 1
640 585 100 0 1
440 517.5 -140.953 -400.003 8

Platform at 640 585
Number of edges: 5
600 585 -100 0 1
680 776.25 20 0 2
720 776.25 20 0 2
740 596.25 110 0 2
440 517.5 -178.312 -396.669 8

Platform at 480 652.5
Number of edges: 2
440 641.25 -38.3955 -323.336 8
520 652.5 100 0 1

Platform at 520 652.5
Number of edges: 3
480 652.5 -100 0 1
440 641.25 -183.371 -156.669 8
560 652.5 100 0 1

Platform at 560 652.5
Number of edges: 7
520 652.5 -100 0 1
580 776.25 20 0 2
680 776.25 80 0 2
720 776.25 150 0 2
760 776.25 210 0 2
440 641.25 -284.142 -153.336 8
620 776.25 20 0 2

Platform at 440 517.5
Number of edges: 6
520 585 20 0 2
560 585 110 0 2
600 585 190 0 2
640 585 270 0 2
400 517.5 -100 0 1
560 405 108.585 -433.336 8

Platform at 280 517.5
Number of edges: 5
160 641.25 -80 0 2
200 641.25 -20 0 2
240 641.25 -20 0 2
320 517.5 100 0 1
160 517.5 -130.119 -276.669 8

Platform at 320 517.5
Number of edges: 3
280 517.5 -100 0 1
360 517.5 100 0 1
160 517.5 -173.493 -276.669 8

Platform at 360 517.5
Number of edges: 3
320 517.5 -100 0 1
400 517.5 100 0 1
160 517.5 -216.866 -276.669 8

Platform at 400 517.5
Number of edges: 3
440 517.5 100 0 1
360 517.5 -100 0 1
160 517.5 -260.239 -276.669 8

Platform at 160 517.5
Number of edges: 5
200 641.25 20 0 2
240 641.25 20 0 2
280 641.25 80 0 2
280 517.5 130.119 -276.669 8
120 517.5 -100 0 1

Platform at 40 517.5
Number of edges: 2
280 517.5 251.161 -286.669 8
80 517.5 100 0 1

Platform at 80 517.5
Number of edges: 3
40 517.5 -100 0 1
280 517.5 214.284 -280.002 8
120 517.5 100 0 1

Platform at 120 517.5
Number of edges: 3
160 517.5 100 0 1
80 517.5 -100 0 1
280 517.5 173.493 -276.669 8

Platform at 1540 506.25
Number of edges: 1
1500 506.25 -100 0 1

Platform at 1260 506.25
Number of edges: 7
1060 596.25 -240 0 2
1100 596.25 -170 0 2
1140 596.25 -90 0 2
1180 596.25 -20 0 2
1220 596.25 -20 0 2
1300 506.25 100 0 1
1160 450 -87.1264 -393.336 8

Platform at 1300 506.25
Number of edges: 3
1260 506.25 -100 0 1
1340 506.25 100 0 1
1160 450 -120.618 -396.669 8

Platform at 1340 506.25
Number of edges: 3
1300 506.25 -100 0 1
1380 506.25 100 0 1
1160 450 -155.08 -396.669 8

Platform at 1380 506.25
Number of edges: 3
1340 506.25 -100 0 1
1420 506.25 100 0 1
1160 450 -189.543 -396.669 8

Platform at 1420 506.25
Number of edges: 2
1380 506.25 -100 0 1
1460 506.25 100 0 1

Platform at 1460 506.25
Number of edges: 2
1420 506.25 -100 0 1
1500 506.25 100 0 1

Platform at 1500 506.25
Number of edges: 2
1540 506.25 100 0 1
1460 506.25 -100 0 1

Platform at 1160 450
Number of edges: 8
1180 596.25 20 0 2
1220 596.25 20 0 2
1260 596.25 50 0 2
1260 506.25 70 0 2
1300 506.25 160 0 2
1340 506.25 250 0 2
1120 450 -100 0 1
1060 258.75 -87.5989 -510.003 8

Platform at 880 450
Number of edges: 3
920 450 100 0 1
760 405 -104.62 -383.336 8
800 438.75 -69.8668 -353.336 8

Platform at 920 450
Number of edges: 4
880 450 -100 0 1
960 450 100 0 1
760 405 -139.493 -383.336 8
800 438.75 -104.8 -353.336 8

Platform at 960 450
Number of edges: 4
920 450 -100 0 1
1000 450 100 0 1
760 405 -170.645 -390.003 8
800 438.75 -138.352 -356.669 8

Platform at 1000 450
Number of edges: 3
960 450 -100 0 1
1040 450 100 0 1
800 438.75 -172.94 -356.669 8

Platform at 1040 450
Number of edges: 3
1000 450 -100 0 1
1080 450 100 0 1
800 438.75 -207.528 -356.669 8

Platform at 1080 450
Number of edges: 2
1040 450 -100 0 1
1120 450 100 0 1

Platform at 1120 450
Number of edges: 2
1160 450 100 0 1
1080 450 -100 0 1

Platform at 760 405
Number of edges: 4
880 450 130 0 2
920 450 230 0 2
720 405 -100 0 1
800 438.75 20 0 2

Platform at 560 405
Number of edges: 5
520 585 -20 0 2
440 517.5 -90 0 2
400 517.5 -150 0 2
600 405 100 0 1
420 405 -122.329 -343.336 8

Platform at 600 405
Number of edges: 3
560 405 -100 0 1
640 405 100 0 1
420 405 -157.28 -343.336 8

Platform at 640 405
Number of edges: 3
600 405 -100 0 1
680 405 100 0 1
420 405 -192.232 -343.336 8

Platform at 680 405
Number of edges: 2
640 405 -100 0 1
720 405 100 0 1

Platform at 720 405
Number of edges: 2
760 405 100 0 1
680 405 -100 0 1

Platform at 420 405
Number of edges: 7
520 585 50 0 2
560 585 100 0 2
440 517.5 20 0 2
560 405 122.329 -343.336 8
380 405 -100 0 1
320 258.75 -87.8372 -470.003 8
500 258.75 70.2698 -470.003 8

Platform at 220 405
Number of edges: 2
260 405 100 0 1
160 360 -60.3946 -343.336 8

Platform at 260 405
Number of edges: 3
220 405 -100 0 1
300 405 100 0 1
160 360 -100.658 -343.336 8

Platform at 300 405
Number of edges: 3
260 405 -100 0 1
340 405 100 0 1
160 360 -140.921 -343.336 8

Platform at 340 405
Number of edges: 5
300 405 -100 0 1
560 405 190.383 -346.669 8
380 405 100 0 1
160 360 -181.184 -343.336 8
500 258.75 138.394 -473.336 8

Platform at 380 405
Number of edges: 6
420 405 100 0 1
340 405 -100 0 1
560 405 157.28 -343.336 8
160 360 -221.447 -343.336 8
320 258.75 -52.7023 -470.003 8
500 258.75 105.405 -470.003 8

Platform at 160 360
Number of edges: 6
220 405 20 0 2
260 405 70 0 2
300 405 180 0 2
340 405 280 0 2
120 360 -100 0 1
20 326.25 -206.279 -253.336 8

Platform at 80 360
Number of edges: 2
120 360 100 0 1
20 326.25 -52.3418 -373.336 8

Platform at 120 360
Number of edges: 3
160 360 100 0 1
80 360 -100 0 1
20 326.25 -133.332 -270.002 8

Platform at 20 326.25
Number of edges: 4
160 360 200 0 2
80 360 20 0 2
120 360 80 0 2
120 258.75 100.359 -366.669 8

Platform at 120 258.75
Number of edges: 4
80 360 -20 0 2
20 326.25 -60 0 2
160 258.75 100 0 1
20 180 -87.0013 -413.336 8

Platform at 160 258.75
Number of edges: 3
120 258.75 -100 0 1
200 258.75 100 0 1
20 180 -165.707 -346.669 8

Platform at 200 258.75
Number of edges: 3
160 258.75 -100 0 1
240 258.75 100 0 1
20 180 -239.995 -330.002 8

Platform at 240 258.75
Number of edges: 2
200 258.75 -100 0 1
280 258.75 100 0 1

Platform at 280 258.75
Number of edges: 3
240 258.75 -100 0 1
320 258.75 100 0 1
500 258.75 190.383 -346.669 8

Platform at 320 258.75
Number of edges: 5
280 258.75 -100 0 1
420 405 50 0 2
340 405 20 0 2
380 405 20 0 2
500 258.75 155.768 -346.669 8

Platform at 500 258.75
Number of edges: 5
420 405 -20 0 2
340 405 -140 0 2
380 405 -80 0 2
320 258.75 -155.768 -346.669 8
540 258.75 100 0 1

Platform at 540 258.75
Number of edges: 3
500 258.75 -100 0 1
320 258.75 -190.383 -346.669 8
580 258.75 100 0 1

Platform at 580 258.75
Number of edges: 2
540 258.75 -100 0 1
620 258.75 100 0 1

Platform at 620 258.75
Number of edges: 2
580 258.75 -100 0 1
660 258.75 100 0 1

Platform at 660 258.75
Number of edges: 2
620 258.75 -100 0 1
700 258.75 100 0 1

Platform at 700 258.75
Number of edges: 2
660 258.75 -100 0 1
740 258.75 100 0 1

Platform at 740 258.75
Number of edges: 2
700 258.75 -100 0 1
780 258.75 100 0 1

Platform at 780 258.75
Number of edges: 2
740 258.75 -100 0 1
820 258.75 100 0 1

Platform at 820 258.75
Number of edges: 2
780 258.75 -100 0 1
860 258.75 100 0 1

Platform at 860 258.75
Number of edges: 2
820 258.75 -100 0 1
900 258.75 100 0 1

Platform at 900 258.75
Number of edges: 2
860 258.75 -100 0 1
940 258.75 100 0 1

Platform at 940 258.75
Number of edges: 2
900 258.75 -100 0 1
980 258.75 100 0 1

Platform at 980 258.75
Number of edges: 3
940 258.75 -100 0 1
1020 258.75 100 0 1
1180 225 170.857 -380.003 8

Platform at 1020 258.75
Number of edges: 3
980 258.75 -100 0 1
1060 258.75 100 0 1
1180 225 136.686 -380.003 8

Platform at 1060 258.75
Number of edges: 5
1020 258.75 -100 0 1
1160 450 50 0 2
1080 450 20 0 2
1120 450 20 0 2
1180 225 104.684 -373.336 8

Platform at 1180 225
Number of edges: 5
1160 450 -20 0 2
1120 450 -20 0 2
1020 258.75 -260 0 2
1060 258.75 -130 0 2
1220 225 100 0 1

Platform at 1220 225
Number of edges: 3
1180 225 -100 0 1
1260 225 100 0 1
1460 225 207.691 -346.669 8

Platform at 1260 225
Number of edges: 3
1220 225 -100 0 1
1300 225 100 0 1
1460 225 173.076 -346.669 8

Platform at 1300 225
Number of edges: 3
1260 225 -100 0 1
1340 225 100 0 1
1460 225 138.461 -346.669 8

Platform at 1340 225
Number of edges: 3
1300 225 -100 0 1
1380 225 100 0 1
1460 225 117.39 -306.669 8

Platform at 1380 225
Number of edges: 2
1340 225 -100 0 1
1460 225 93.5057 -256.669 8

Platform at 1540 225
Number of edges: 2
1380 225 -189.472 -253.336 8
1500 225 -100 0 1

Platform at 1460 225
Number of edges: 2
1380 225 -94.736 -253.336 8
1500 225 100 0 1

Platform at 1500 225
Number of edges: 3
1540 225 100 0 1
1460 225 -100 0 1
1380 225 -142.104 -253.336 8

Platform at 20 180
Number of edges: 5
80 360 20 0 2
120 258.75 60 0 2
160 258.75 140 0 2
200 258.75 210 0 2
240 258.75 290 0 2

Platform at 1440 -101.25
Number of edges: 1
1400 -101.25 -100 0 1

Platform at 160 -101.25
Number of edges: 2
200 -101.25 100 0 1
60 -213.75 -86.7776 -443.336 8

Platform at 200 -101.25
Number of edges: 4
160 -101.25 -100 0 1
240 -101.25 100 0 1
420 -168.75 189.342 -406.669 8
60 -213.75 -124.882 -436.669 8

Platform at 240 -101.25
Number of edges: 4
200 -101.25 -100 0 1
280 -101.25 100 0 1
420 -168.75 154.916 -406.669 8
60 -213.75 -176.133 -416.669 8

Platform at 280 -101.25
Number of edges: 3
240 -101.25 -100 0 1
320 -101.25 100 0 1
420 -168.75 120.49 -406.669 8

Platform at 320 -101.25
Number of edges: 3
280 -101.25 -100 0 1
360 -101.25 100 0 1
420 -168.75 87.0659 -403.336 8

Platform at 360 -101.25
Number of edges: 4
320 -101.25 -100 0 1
400 -101.25 100 0 1
420 -168.75 52.2396 -403.336 8
260 -292.5 -91.2184 -503.336 8

Platform at 400 -101.25
Number of edges: 2
360 -101.25 -100 0 1
440 -101.25 100 0 1

Platform at 440 -101.25
Number of edges: 2
400 -101.25 -100 0 1
480 -101.25 100 0 1

Platform at 480 -101.25
Number of edges: 2
440 -101.25 -100 0 1
520 -101.25 100 0 1

Platform at 520 -101.25
Number of edges: 2
480 -101.25 -100 0 1
560 -101.25 100 0 1

Platform at 560 -101.25
Number of edges: 2
520 -101.25 -100 0 1
600 -101.25 100 0 1

Platform at 600 -101.25
Number of edges: 2
560 -101.25 -100 0 1
640 -101.25 100 0 1

Platform at 640 -101.25
Number of edges: 2
600 -101.25 -100 0 1
680 -101.25 100 0 1

Platform at 680 -101.25
Number of edges: 4
640 -101.25 -100 0 1
720 -101.25 100 0 1
620 -168.75 -52.2396 -403.336 8
740 -213.75 52.7796 -440.003 8

Platform at 720 -101.25
Number of edges: 3
680 -101.25 -100 0 1
760 -101.25 100 0 1
620 -168.75 -93.73 -383.336 8

Platform at 760 -101.25
Number of edges: 3
720 -101.25 -100 0 1
800 -101.25 100 0 1
620 -168.75 -199.578 -306.669 8

Platform at 800 -101.25
Number of edges: 3
760 -101.25 -100 0 1
840 -101.25 100 0 1
620 -168.75 -296.402 -293.336 8

Platform at 840 -101.25
Number of edges: 2
800 -101.25 -100 0 1
880 -101.25 100 0 1

Platform at 880 -101.25
Number of edges: 2
840 -101.25 -100 0 1
920 -101.25 100 0 1

Platform at 920 -101.25
Number of edges: 2
880 -101.25 -100 0 1
960 -101.25 100 0 1

Platform at 960 -101.25
Number of edges: 2
920 -101.25 -100 0 1
1000 -101.25 100 0 1

Platform at 1000 -101.25
Number of edges: 2
960 -101.25 -100 0 1
1040 -101.25 100 0 1

Platform at 1040 -101.25
Number of edges: 2
1000 -101.25 -100 0 1
1080 -101.25 100 0 1

Platform at 1080 -101.25
Number of edges: 3
1040 -101.25 -100 0 1
1120 -101.25 100 0 1
1020 -213.75 -52.7796 -440.003 8

Platform at 1120 -101.25
Number of edges: 3
1080 -101.25 -100 0 1
1160 -101.25 100 0 1
1020 -213.75 -86.7776 -443.336 8

Platform at 1160 -101.25
Number of edges: 4
1120 -101.25 -100 0 1
1200 -101.25 100 0 1
1020 -213.75 -121.489 -443.336 8
1240 -326.25 69.8708 -540.003 8

Platform at 1200 -101.25
Number of edges: 3
1160 -101.25 -100 0 1
1240 -101.25 100 0 1
1020 -213.75 -156.2 -443.336 8

Platform at 1240 -101.25
Number of edges: 2
1200 -101.25 -100 0 1
1280 -101.25 100 0 1

Platform at 1280 -101.25
Number of edges: 2
1240 -101.25 -100 0 1
1320 -101.25 100 0 1

Platform at 1320 -101.25
Number of edges: 2
1280 -101.25 -100 0 1
1360 -101.25 100 0 1

Platform at 1360 -101.25
Number of edges: 2
1320 -101.25 -100 0 1
1400 -101.25 100 0 1

Platform at 1400 -101.25
Number of edges: 2
1440 -101.25 100 0 1
1360 -101.25 -100 0 1

Platform at 420 -168.75
Number of edges: 7
240 -101.25 -230 0 2
280 -101.25 -150 0 2
320 -101.25 -60 0 2
360 -101.25 -20 0 2
400 -101.25 -20 0 2
460 -168.75 100 0 1
260 -292.5 -170.568 -413.336 8

Platform at 460 -168.75
Number of edges: 3
420 -168.75 -100 0 1
500 -168.75 100 0 1
260 -292.5 -213.211 -413.336 8

Platform at 500 -168.75
Number of edges: 2
460 -168.75 -100 0 1
540 -168.75 100 0 1

Platform at 540 -168.75
Number of edges: 3
500 -168.75 -100 0 1
580 -168.75 100 0 1
740 -213.75 170.645 -390.003 8

Platform at 580 -168.75
Number of edges: 3
540 -168.75 -100 0 1
620 -168.75 100 0 1
740 -213.75 139.493 -383.336 8

Platform at 620 -168.75
Number of edges: 7
580 -168.75 -100 0 1
640 -101.25 20 0 2
680 -101.25 20 0 2
720 -101.25 60 0 2
760 -101.25 150 0 2
800 -101.25 230 0 2
740 -213.75 104.62 -383.336 8

Platform at 740 -213.75
Number of edges: 7
640 -101.25 -50 0 2
680 -101.25 -20 0 2
720 -101.25 -20 0 2
580 -168.75 -230 0 2
620 -168.75 -120 0 2
780 -213.75 100 0 1
580 -360 -147.69 -460.003 8

Platform at 780 -213.75
Number of edges: 2
740 -213.75 -100 0 1
820 -213.75 100 0 1

Platform at 820 -213.75
Number of edges: 1
780 -213.75 -100 0 1

Platform at 980 -213.75
Number of edges: 2
1020 -213.75 100 0 1
1060 -405 70.0791 -510.003 8

Platform at 1020 -213.75
Number of edges: 6
980 -213.75 -100 0 1
1040 -101.25 20 0 2
1080 -101.25 20 0 2
1120 -101.25 50 0 2
1160 -101.25 120 0 2
1200 -101.25 180 0 2

Platform at 1440 -326.25
Number of edges: 2
1400 -326.25 -100 0 1
1300 -483.75 -137.627 -460.003 8

Platform at 1400 -326.25
Number of edges: 2
1440 -326.25 100 0 1
1300 -483.75 -98.3052 -460.003 8

Platform at 1240 -326.25
Number of edges: 3
1160 -101.25 -20 0 2
1200 -101.25 -20 0 2
1140 -405 -107.716 -363.336 8

Platform at 1140 -405
Number of edges: 4
1240 -326.25 60 0 2
1100 -405 -100 0 1
1220 -483.75 69.601 -413.336 8
960 -483.75 -154.741 -416.669 8

Platform at 1060 -405
Number of edges: 5
980 -213.75 -20 0 2
1020 -213.75 -20 0 2
1100 -405 100 0 1
1220 -483.75 137.548 -416.669 8
960 -483.75 -87.0013 -413.336 8

Platform at 1100 -405
Number of edges: 4
1140 -405 100 0 1
1060 -405 -100 0 1
1220 -483.75 104.402 -413.336 8
960 -483.75 -121.802 -413.336 8

Platform at 1220 -483.75
Number of edges: 5
1140 -405 -20 0 2
1060 -405 -180 0 2
1100 -405 -100 0 2
1260 -483.75 100 0 1
1360 -551.25 30.4903 -406.669 8

Platform at 1260 -483.75
Number of edges: 3
1220 -483.75 -100 0 1
1300 -483.75 100 0 1
1360 -551.25 20.1712 -346.669 8

Platform at 1300 -483.75
Number of edges: 4
1260 -483.75 -100 0 1
1440 -326.25 110 0 2
1400 -326.25 110 0 2
1360 -551.25 -37.7604 -403.336 8

Platform at 1360 -551.25
Number of edges: 5
1220 -483.75 -150 0 2
1260 -483.75 -60 0 2
1300 -483.75 40 0 2
1400 -551.25 100 0 1
1540 -618.75 98.9298 -356.669 8

Platform at 1400 -551.25
Number of edges: 3
1360 -551.25 -100 0 1
1440 -551.25 100 0 1
1540 -618.75 31.8923 -403.336 8

Platform at 1440 -551.25
Number of edges: 3
1400 -551.25 -100 0 1
1480 -551.25 100 0 1
1540 -618.75 20.1712 -346.669 8

Platform at 1480 -551.25
Number of edges: 4
1440 -551.25 -100 0 1
1520 -551.25 100 0 1
1540 -618.75 -37.7604 -403.336 8
1400 -697.5 -160.27 -470.003 8

Platform at 1520 -551.25
Number of edges: 1
1480 -551.25 -100 0 1

Platform at 1540 -618.75
Number of edges: 6
1360 -551.25 -230 0 2
1400 -551.25 -150 0 2
1440 -551.25 -60 0 2
1480 -551.25 -20 0 2
1520 -551.25 -20 0 2
1400 -697.5 -121.802 -413.336 8

Platform at 1400 -697.5
Number of edges: 4
1440 -551.25 20 0 2
1480 -551.25 20 0 2
1520 -551.25 80 0 2
1540 -618.75 140 0 2

Platform at 1200 -697.5
Number of edges: 2
1160 -697.5 -100 0 1
960 -697.5 -207.691 -346.669 8

Platform at 1120 -697.5
Number of edges: 2
1160 -697.5 100 0 1
960 -697.5 -138.461 -346.669 8

Platform at 1160 -697.5
Number of edges: 3
1200 -697.5 100 0 1
1120 -697.5 -100 0 1
960 -697.5 -173.076 -346.669 8

Platform at 880 -483.75
Number of edges: 1
920 -483.75 100 0 1

Platform at 920 -483.75
Number of edges: 2
880 -483.75 -100 0 1
960 -483.75 100 0 1

Platform at 960 -483.75
Number of edges: 4
920 -483.75 -100 0 1
1140 -405 210 0 2
1060 -405 60 0 2
1100 -405 140 0 2

Platform at 960 -697.5
Number of edges: 2
1120 -697.5 138.461 -346.669 8
920 -697.5 -100 0 1

Platform at 800 -697.5
Number of edges: 2
840 -697.5 100 0 1
700 -697.5 -87.378 -343.336 8

Platform at 840 -697.5
Number of edges: 3
800 -697.5 -100 0 1
880 -697.5 100 0 1
700 -697.5 -121.153 -346.669 8

Platform at 880 -697.5
Number of edges: 4
840 -697.5 -100 0 1
1120 -697.5 207.691 -346.669 8
920 -697.5 100 0 1
700 -697.5 -155.768 -346.669 8

Platform at 920 -697.5
Number of edges: 4
960 -697.5 100 0 1
880 -697.5 -100 0 1
1120 -697.5 173.076 -346.669 8
700 -697.5 -190.383 -346.669 8

Platform at 700 -697.5
Number of edges: 1
800 -697.5 87.378 -343.336 8

Platform at 460 -765
Number of edges: 1
420 -765 -100 0 1

Platform at 380 -765
Number of edges: 1
420 -765 100 0 1

Platform at 420 -765
Number of edges: 2
460 -765 100 0 1
380 -765 -100 0 1

Platform at 260 -765
Number of edges: 2
220 -765 -100 0 1
100 -855 -155.136 -396.669 8

Platform at 20 -765
Number of edges: 1
60 -765 100 0 1

Platform at 60 -765
Number of edges: 2
20 -765 -100 0 1
100 -765 100 0 1

Platform at 100 -765
Number of edges: 2
60 -765 -100 0 1
140 -765 100 0 1

Platform at 140 -765
Number of edges: 2
100 -765 -100 0 1
180 -765 100 0 1

Platform at 180 -765
Number of edges: 3
140 -765 -100 0 1
220 -765 100 0 1
100 -855 -69.5456 -423.336 8

Platform at 220 -765
Number of edges: 3
260 -765 100 0 1
180 -765 -100 0 1
100 -855 -112.999 -403.336 8

Platform at 20 -213.75
Number of edges: 2
180 -292.5 137.548 -416.669 8
60 -213.75 100 0 1

Platform at 260 -292.5
Number of edges: 8
280 -101.25 20 0 2
320 -101.25 20 0 2
360 -101.25 50 0 2
400 -101.25 100 0 2
420 -168.75 150 0 2
460 -168.75 210 0 2
220 -292.5 -100 0 1
340 -360 69.6527 -403.336 8

Platform at 180 -292.5
Number of edges: 5
160 -101.25 -20 0 2
20 -213.75 -180 0 2
220 -292.5 100 0 1
340 -360 137.703 -406.669 8
60 -213.75 -100 0 2

Platform at 220 -292.5
Number of edges: 3
260 -292.5 100 0 1
180 -292.5 -100 0 1
340 -360 103.277 -406.669 8

Platform at 340 -360
Number of edges: 5
260 -292.5 -20 0 2
180 -292.5 -190 0 2
220 -292.5 -110 0 2
380 -360 100 0 1
500 -528.75 140.368 -490.003 8

Platform at 380 -360
Number of edges: 2
340 -360 -100 0 1
500 -528.75 105.276 -490.003 8

Platform at 500 -360
Number of edges: 2
540 -360 100 0 1
640 -438.75 139.213 -380.003 8

Platform at 540 -360
Number of edges: 3
500 -360 -100 0 1
580 -360 100 0 1
640 -438.75 99.4382 -380.003 8

Platform at 580 -360
Number of edges: 4
540 -360 -100 0 1
620 -168.75 20 0 2
740 -213.75 140 0 2
640 -438.75 59.6629 -380.003 8

Platform at 640 -438.75
Number of edges: 5
500 -360 -140 0 2
540 -360 -60 0 2
580 -360 -20 0 2
680 -438.75 100 0 1
580 -528.75 -52.1592 -423.336 8

Platform at 680 -438.75
Number of edges: 4
640 -438.75 -100 0 1
740 -213.75 20 0 2
880 -483.75 170.645 -390.003 8
580 -528.75 -86.932 -423.336 8

Platform at 500 -528.75
Number of edges: 2
340 -360 -90 0 2
380 -360 -60 0 2

Platform at 540 -528.75
Number of edges: 0

Platform at 580 -528.75
Number of edges: 0

Platform at 20 -855
Number of edges: 2
60 -855 100 0 1
200 -945 162.644 -413.336 8

Platform at 60 -855
Number of edges: 4
20 -855 -100 0 1
100 -855 100 0 1
280 -945 198.787 -413.336 8
200 -945 126.501 -413.336 8

Platform at 100 -855
Number of edges: 7
60 -855 -100 0 1
260 -765 170 0 2
140 -765 20 0 2
180 -765 20 0 2
220 -765 90 0 2
280 -945 162.644 -413.336 8
200 -945 90.3576 -413.336 8

Platform at 280 -945
Number of edges: 3
320 -945 100 0 1
200 -945 -94.736 -253.336 8
480 -945 236.84 -253.336 8

Platform at 320 -945
Number of edges: 4
280 -945 -100 0 1
360 -945 100 0 1
200 -945 -142.104 -253.336 8
480 -945 189.472 -253.336 8

Platform at 360 -945
Number of edges: 4
320 -945 -100 0 1
400 -945 100 0 1
200 -945 -189.472 -253.336 8
480 -945 142.104 -253.336 8

Platform at 400 -945
Number of edges: 3
360 -945 -100 0 1
200 -945 -236.84 -253.336 8
480 -945 94.736 -253.336 8

Platform at 200 -945
Number of edges: 6
140 -765 -20 0 2
180 -765 -20 0 2
20 -855 -200 0 2
60 -855 -130 0 2
100 -855 -60 0 2
280 -945 94.736 -253.336 8

Platform at 480 -945
Number of edges: 2
400 -945 -94.736 -253.336 8
520 -945 100 0 1

Platform at 520 -945
Number of edges: 3
480 -945 -100 0 1
400 -945 -142.104 -253.336 8
560 -945 100 0 1

Platform at 560 -945
Number of edges: 2
520 -945 -100 0 1
400 -945 -189.472 -253.336 8

Platform at 600 -945
Number of edges: 0

Platform at 640 -945
Number of edges: 1
680 -945 100 0 1

Platform at 680 -945
Number of edges: 2
640 -945 -100 0 1
720 -945 100 0 1

Platform at 720 -945
Number of edges: 2
680 -945 -100 0 1
760 -945 100 0 1

Platform at 760 -945
Number of edges: 2
720 -945 -100 0 1
800 -945 100 0 1

Platform at 800 -945
Number of edges: 2
760 -945 -100 0 1
840 -945 100 0 1

Platform at 840 -945
Number of edges: 2
800 -945 -100 0 1
880 -945 100 0 1

Platform at 880 -945
Number of edges: 1
840 -945 -100 0 1

Platform at 920 -945
Number of edges: 0

Platform at 960 -945
Number of edges: 1
1000 -945 100 0 1

Platform at 1000 -945
Number of edges: 2
960 -945 -100 0 1
1040 -945 100 0 1

Platform at 1040 -945
Number of edges: 2
1000 -945 -100 0 1
1080 -945 100 0 1

Platform at 1080 -945
Number of edges: 2
1040 -945 -100 0 1
1120 -945 100 0 1

Platform at 1120 -945
Number of edges: 1
1080 -945 -100 0 1

Platform at 1160 -945
Number of edges: 0

Platform at 1200 -945
Number of edges: 2
1240 -945 100 0 1
1420 -945 260.524 -253.336 8

Platform at 1240 -945
Number of edges: 4
1200 -945 -100 0 1
1280 -945 100 0 1
1420 -945 213.156 -253.336 8
1460 -967.5 295.862 -253.336 8

Platform at 1280 -945
Number of edges: 4
1240 -945 -100 0 1
1320 -945 100 0 1
1420 -945 165.788 -253.336 8
1460 -967.5 242.069 -253.336 8

Platform at 1320 -945
Number of edges: 3
1280 -945 -100 0 1
1420 -945 118.42 -253.336 8
1460 -967.5 188.276 -253.336 8

Platform at 1420 -945
Number of edges: 1
1320 -945 -118.42 -253.336 8

Platform at 20 -1046.25
Number of edges: 1
60 -1046.25 100 0 1

Platform at 60 -1046.25
Number of edges: 3
20 -1046.25 -100 0 1
100 -1046.25 100 0 1
140 -1147.5 69.4861 -433.336 8

Platform at 100 -1046.25
Number of edges: 3
60 -1046.25 -100 0 1
140 -1046.25 100 0 1
20 -1102.5 -69.7011 -393.336 8

Platform at 140 -1046.25
Number of edges: 3
100 -1046.25 -100 0 1
180 -1046.25 100 0 1
20 -1102.5 -163.677 -296.669 8

Platform at 180 -1046.25
Number of edges: 3
140 -1046.25 -100 0 1
220 -1046.25 100 0 1
20 -1102.5 -279.48 -270.002 8

Platform at 220 -1046.25
Number of edges: 2
180 -1046.25 -100 0 1
260 -1046.25 100 0 1

Platform at 260 -1046.25
Number of edges: 1
220 -1046.25 -100 0 1

Platform at 380 -1046.25
Number of edges: 1
420 -1046.25 100 0 1

Platform at 420 -1046.25
Number of edges: 2
380 -1046.25 -100 0 1
460 -1046.25 100 0 1

Platform at 460 -1046.25
Number of edges: 2
420 -1046.25 -100 0 1
500 -1046.25 100 0 1

Platform at 500 -1046.25
Number of edges: 2
460 -1046.25 -100 0 1
540 -1046.25 100 0 1

Platform at 540 -1046.25
Number of edges: 2
500 -1046.25 -100 0 1
580 -1046.25 100 0 1

Platform at 580 -1046.25
Number of edges: 2
540 -1046.25 -100 0 1
620 -1046.25 100 0 1

Platform at 620 -1046.25
Number of edges: 2
580 -1046.25 -100 0 1
660 -1046.25 100 0 1

Platform at 660 -1046.25
Number of edges: 2
620 -1046.25 -100 0 1
700 -1046.25 100 0 1

Platform at 700 -1046.25
Number of edges: 2
660 -1046.25 -100 0 1
740 -1046.25 100 0 1

Platform at 740 -1046.25
Number of edges: 2
700 -1046.25 -100 0 1
780 -1046.25 100 0 1

Platform at 780 -1046.25
Number of edges: 2
740 -1046.25 -100 0 1
820 -1046.25 100 0 1

Platform at 820 -1046.25
Number of edges: 1
780 -1046.25 -100 0 1

Platform at 860 -1046.25
Number of edges: 0

Platform at 900 -1046.25
Number of edges: 1
940 -1046.25 100 0 1

Platform at 940 -1046.25
Number of edges: 2
900 -1046.25 -100 0 1
980 -1046.25 100 0 1

Platform at 980 -1046.25
Number of edges: 2
940 -1046.25 -100 0 1
1020 -1046.25 100 0 1

Platform at 1020 -1046.25
Number of edges: 1
980 -1046.25 -100 0 1

Platform at 1060 -1046.25
Number of edges: 0

Platform at 1100 -1046.25
Number of edges: 1
1140 -1046.25 100 0 1

Platform at 1140 -1046.25
Number of edges: 2
1100 -1046.25 -100 0 1
1180 -1046.25 100 0 1

Platform at 1180 -1046.25
Number of edges: 2
1140 -1046.25 -100 0 1
1220 -1046.25 100 0 1

Platform at 1220 -1046.25
Number of edges: 2
1180 -1046.25 -100 0 1
1260 -1046.25 100 0 1

Platform at 1260 -1046.25
Number of edges: 2
1220 -1046.25 -100 0 1
1300 -1046.25 100 0 1

Platform at 1300 -1046.25
Number of edges: 2
1260 -1046.25 -100 0 1
1340 -1046.25 100 0 1

Platform at 1340 -1046.25
Number of edges: 2
1300 -1046.25 -100 0 1
1380 -1046.25 100 0 1

Platform at 1380 -1046.25
Number of edges: 2
1340 -1046.25 -100 0 1
1420 -1046.25 100 0 1

Platform at 1420 -1046.25
Number of edges: 3
1380 -1046.25 -100 0 1
1500 -978.75 20 0 2
1520 -990 70 0 2

Platform at 1460 -967.5
Number of edges: 4
1320 -945 -220 0 2
1420 -945 -20 0 2
1500 -978.75 34.2495 -360.003 8
1520 -990 52.3718 -363.336 8

Platform at 1540 -978.75
Number of edges: 0

Platform at 1500 -978.75
Number of edges: 3
1320 -945 -300 0 2
1420 -945 -220 0 2
1460 -967.5 -20 0 2

Platform at 1520 -990
Number of edges: 4
1420 -945 -220 0 2
1420 -1046.25 -97.1928 -363.336 8
1460 -967.5 -110 0 2
1500 -978.75 -20 0 2

Platform at 1540 -1147.5
Number of edges: 1
1500 -1147.5 -100 0 1

Platform at 180 -1147.5
Number of edges: 2
220 -1147.5 100 0 1
140 -1147.5 -100 0 1

Platform at 220 -1147.5
Number of edges: 1
180 -1147.5 -100 0 1

Platform at 260 -1147.5
Number of edges: 0

Platform at 300 -1147.5
Number of edges: 1
340 -1147.5 100 0 1

Platform at 340 -1147.5
Number of edges: 2
300 -1147.5 -100 0 1
380 -1147.5 100 0 1

Platform at 380 -1147.5
Number of edges: 2
340 -1147.5 -100 0 1
420 -1147.5 100 0 1

Platform at 420 -1147.5
Number of edges: 2
380 -1147.5 -100 0 1
460 -1147.5 100 0 1

Platform at 460 -1147.5
Number of edges: 2
420 -1147.5 -100 0 1
500 -1147.5 100 0 1

Platform at 500 -1147.5
Number of edges: 2
460 -1147.5 -100 0 1
540 -1147.5 100 0 1

Platform at 540 -1147.5
Number of edges: 2
500 -1147.5 -100 0 1
580 -1147.5 100 0 1

Platform at 580 -1147.5
Number of edges: 2
540 -1147.5 -100 0 1
620 -1147.5 100 0 1

Platform at 620 -1147.5
Number of edges: 2
580 -1147.5 -100 0 1
660 -1147.5 100 0 1

Platform at 660 -1147.5
Number of edges: 2
620 -1147.5 -100 0 1
700 -1147.5 100 0 1

Platform at 700 -1147.5
Number of edges: 2
660 -1147.5 -100 0 1
740 -1147.5 100 0 1

Platform at 740 -1147.5
Number of edges: 1
700 -1147.5 -100 0 1

Platform at 780 -1147.5
Number of edges: 0

Platform at 820 -1147.5
Number of edges: 1
860 -1147.5 100 0 1

Platform at 860 -1147.5
Number of edges: 2
820 -1147.5 -100 0 1
900 -1147.5 100 0 1

Platform at 900 -1147.5
Number of edges: 2
860 -1147.5 -100 0 1
940 -1147.5 100 0 1

Platform at 940 -1147.5
Number of edges: 2
900 -1147.5 -100 0 1
980 -1147.5 100 0 1

Platform at 980 -1147.5
Number of edges: 2
940 -1147.5 -100 0 1
1020 -1147.5 100 0 1

Platform at 1020 -1147.5
Number of edges: 2
980 -1147.5 -100 0 1
1060 -1147.5 100 0 1

Platform at 1060 -1147.5
Number of edges: 2
1020 -1147.5 -100 0 1
1100 -1147.5 100 0 1

Platform at 1100 -1147.5
Number of edges: 2
1060 -1147.5 -100 0 1
1140 -1147.5 100 0 1

Platform at 1140 -1147.5
Number of edges: 1
1100 -1147.5 -100 0 1

Platform at 1180 -1147.5
Number of edges: 0

Platform at 1220 -1147.5
Number of edges: 1
1260 -1147.5 100 0 1

Platform at 1260 -1147.5
Number of edges: 2
1220 -1147.5 -100 0 1
1300 -1147.5 100 0 1

Platform at 1380 -1147.5
Number of edges: 2
1420 -1147.5 100 0 1
1340 -1147.5 -100 0 1

Platform at 1420 -1147.5
Number of edges: 2
1380 -1147.5 -100 0 1
1460 -1147.5 100 0 1

Platform at 1460 -1147.5
Number of edges: 2
1420 -1147.5 -100 0 1
1500 -1147.5 100 0 1

Platform at 1500 -1147.5
Number of edges: 2
1540 -1147.5 100 0 1
1460 -1147.5 -100 0 1

Platform at 20 -1102.5
Number of edges: 6
60 -1046.25 20 0 2
100 -1046.25 20 0 2
140 -1046.25 110 0 2
180 -1046.25 200 0 2
220 -1046.25 290 0 2
140 -1147.5 105.778 -380.003 8

Platform at 140 -1147.5
Number of edges: 4
180 -1147.5 100 0 1
60 -1046.25 -20 0 2
100 -1046.25 -20 0 2
20 -1102.5 -120 0 2

Platform at 1060 -1271.25
Number of edges: 2
1100 -1271.25 100 0 1
1020 -1282.5 -34.2495 -360.003 8

Platform at 1100 -1271.25
Number of edges: 5
1060 -1271.25 -100 0 1
1140 -1271.25 100 0 1
1020 -1282.5 -69.8668 -353.336 8
940 -1293.75 -139.658 -363.336 8
880 -1305 -187.943 -380.003 8

Platform at 1140 -1271.25
Number of edges: 4
1100 -1271.25 -100 0 1
1180 -1271.25 100 0 1
1020 -1282.5 -104.8 -353.336 8
940 -1293.75 -172.796 -366.669 8

Platform at 1180 -1271.25
Number of edges: 4
1140 -1271.25 -100 0 1
1220 -1271.25 100 0 1
1020 -1282.5 -138.352 -356.669 8
940 -1293.75 -203.227 -373.336 8

Platform at 1220 -1271.25
Number of edges: 3
1180 -1271.25 -100 0 1
1260 -1271.25 100 0 1
1020 -1282.5 -172.94 -356.669 8

Platform at 1260 -1271.25
Number of edges: 4
1220 -1271.25 -100 0 1
1300 -1271.25 100 0 1
1500 -1271.25 207.691 -346.669 8
1020 -1282.5 -207.528 -356.669 8

Platform at 1300 -1271.25
Number of edges: 3
1260 -1271.25 -100 0 1
1340 -1271.25 100 0 1
1500 -1271.25 173.076 -346.669 8

Platform at 1340 -1271.25
Number of edges: 3
1300 -1271.25 -100 0 1
1380 -1271.25 100 0 1
1500 -1271.25 138.461 -346.669 8

Platform at 1380 -1271.25
Number of edges: 3
1340 -1271.25 -100 0 1
1420 -1271.25 100 0 1
1500 -1271.25 103.845 -346.669 8

Platform at 1420 -1271.25
Number of edges: 2
1380 -1271.25 -100 0 1
1500 -1271.25 69.9024 -343.336 8

Platform at 1500 -1271.25
Number of edges: 1
1420 -1271.25 -69.9024 -343.336 8

Platform at 1300 -1147.5
Number of edges: 2
1260 -1147.5 -100 0 1
1340 -1147.5 100 0 1

Platform at 1340 -1147.5
Number of edges: 2
1380 -1147.5 100 0 1
1300 -1147.5 -100 0 1

Platform at 980 -1282.5
Number of edges: 2
1020 -1282.5 100 0 1
940 -1293.75 -34.2495 -360.003 8

Platform at 1020 -1282.5
Number of edges: 6
980 -1282.5 -100 0 1
1060 -1271.25 20 0 2
1100 -1271.25 30 0 2
1140 -1271.25 240 0 2
940 -1293.75 -69.8668 -353.336 8
880 -1305 -122.201 -363.336 8

Platform at 20 -1293.75
Number of edges: 3
60 -1293.75 100 0 1
120 -1305 87.3335 -353.336 8
140 -1316.25 104.744 -363.336 8

Platform at 60 -1293.75
Number of edges: 3
20 -1293.75 -100 0 1
120 -1305 52.4001 -353.336 8
140 -1316.25 69.8291 -363.336 8

Platform at 100 -1293.75
Number of edges: 0

Platform at 900 -1293.75
Number of edges: 0

Platform at 940 -1293.75
Number of edges: 4
980 -1282.5 20 0 2
1020 -1282.5 30 0 2
880 -1305 -52.4001 -353.336 8
780 -1316.25 -139.658 -363.336 8

Platform at 120 -1305
Number of edges: 3
20 -1293.75 -130 0 2
60 -1293.75 -20 0 2
100 -1293.75 -20 0 2

Platform at 800 -1305
Number of edges: 0

Platform at 840 -1305
Number of edges: 2
880 -1305 100 0 1
780 -1316.25 -52.4001 -353.336 8

Platform at 880 -1305
Number of edges: 4
840 -1305 -100 0 1
900 -1293.75 20 0 2
940 -1293.75 20 0 2
780 -1316.25 -87.3335 -353.336 8

Platform at 140 -1316.25
Number of edges: 5
20 -1293.75 -170 0 2
60 -1293.75 -110 0 2
100 -1293.75 -110 0 2
120 -1305 -20 0 2
180 -1316.25 100 0 1

Platform at 180 -1316.25
Number of edges: 2
140 -1316.25 -100 0 1
220 -1316.25 100 0 1

Platform at 220 -1316.25
Number of edges: 2
180 -1316.25 -100 0 1
260 -1316.25 100 0 1

Platform at 260 -1316.25
Number of edges: 2
220 -1316.25 -100 0 1
300 -1316.25 100 0 1

Platform at 300 -1316.25
Number of edges: 1
260 -1316.25 -100 0 1

Platform at 340 -1316.25
Number of edges: 0

Platform at 380 -1316.25
Number of edges: 2
420 -1316.25 100 0 1
480 -1462.5 87.8372 -470.003 8

Platform at 420 -1316.25
Number of edges: 2
380 -1316.25 -100 0 1
320 -1462.5 -87.8372 -470.003 8

Platform at 460 -1316.25
Number of edges: 0

Platform at 500 -1316.25
Number of edges: 1
540 -1316.25 100 0 1

Platform at 540 -1316.25
Number of edges: 2
500 -1316.25 -100 0 1
580 -1316.25 100 0 1

Platform at 580 -1316.25
Number of edges: 2
540 -1316.25 -100 0 1
620 -1316.25 100 0 1

Platform at 620 -1316.25
Number of edges: 2
580 -1316.25 -100 0 1
660 -1316.25 100 0 1

Platform at 660 -1316.25
Number of edges: 2
620 -1316.25 -100 0 1
700 -1316.25 100 0 1

Platform at 700 -1316.25
Number of edges: 2
660 -1316.25 -100 0 1
740 -1316.25 100 0 1

Platform at 740 -1316.25
Number of edges: 2
700 -1316.25 -100 0 1
780 -1316.25 100 0 1

Platform at 780 -1316.25
Number of edges: 4
740 -1316.25 -100 0 1
800 -1305 20 0 2
840 -1305 20 0 2
880 -1305 130 0 2

Platform at 60 -213.75
Number of edges: 5
20 -213.75 -100 0 1
160 -101.25 50 0 2
200 -101.25 120 0 2
240 -101.25 180 0 2
180 -292.5 104.402 -413.336 8

Platform at 0 -1462.5
Number of edges: 1
40 -1462.5 100 0 1

Platform at 40 -1462.5
Number of edges: 2
0 -1462.5 -100 0 1
80 -1462.5 100 0 1

Platform at 80 -1462.5
Number of edges: 2
40 -1462.5 -100 0 1
120 -1462.5 100 0 1

Platform at 120 -1462.5
Number of edges: 2
80 -1462.5 -100 0 1
160 -1462.5 100 0 1

Platform at 160 -1462.5
Number of edges: 2
120 -1462.5 -100 0 1
200 -1462.5 100 0 1

Platform at 200 -1462.5
Number of edges: 2
160 -1462.5 -100 0 1
240 -1462.5 100 0 1

Platform at 240 -1462.5
Number of edges: 3
200 -1462.5 -100 0 1
280 -1462.5 100 0 1
480 -1462.5 207.691 -346.669 8

Platform at 280 -1462.5
Number of edges: 3
240 -1462.5 -100 0 1
320 -1462.5 100 0 1
480 -1462.5 173.076 -346.669 8

Platform at 320 -1462.5
Number of edges: 4
280 -1462.5 -100 0 1
380 -1316.25 50 0 2
420 -1316.25 50 0 2
480 -1462.5 138.461 -346.669 8

Platform at 480 -1462.5
Number of edges: 4
380 -1316.25 -80 0 2
420 -1316.25 -80 0 2
320 -1462.5 -138.461 -346.669 8
520 -1462.5 100 0 1

Platform at 520 -1462.5
Number of edges: 3
480 -1462.5 -100 0 1
320 -1462.5 -173.076 -346.669 8
560 -1462.5 100 0 1

Platform at 560 -1462.5
Number of edges: 3
520 -1462.5 -100 0 1
320 -1462.5 -207.691 -346.669 8
600 -1462.5 100 0 1

Platform at 600 -1462.5
Number of edges: 2
560 -1462.5 -100 0 1
640 -1462.5 100 0 1

Platform at 640 -1462.5
Number of edges: 2
600 -1462.5 -100 0 1
680 -1462.5 100 0 1

Platform at 680 -1462.5
Number of edges: 2
640 -1462.5 -100 0 1
720 -1462.5 100 0 1

Platform at 720 -1462.5
Number of edges: 2
680 -1462.5 -100 0 1
760 -1462.5 100 0 1

Platform at 760 -1462.5
Number of edges: 2
720 -1462.5 -100 0 1
800 -1462.5 100 0 1

Platform at 800 -1462.5
Number of edges: 2
760 -1462.5 -100 0 1
840 -1462.5 100 0 1

Platform at 840 -1462.5
Number of edges: 2
800 -1462.5 -100 0 1
880 -1462.5 100 0 1

Platform at 880 -1462.5
Number of edges: 2
840 -1462.5 -100 0 1
920 -1462.5 100 0 1

Platform at 920 -1462.5
Number of edges: 2
880 -1462.5 -100 0 1
960 -1462.5 100 0 1

Platform at 960 -1462.5
Number of edges: 2
920 -1462.5 -100 0 1
1000 -1462.5 100 0 1

Platform at 1000 -1462.5
Number of edges: 2
960 -1462.5 -100 0 1
1040 -1462.5 100 0 1

Platform at 1040 -1462.5
Number of edges: 2
1000 -1462.5 -100 0 1
1080 -1462.5 100 0 1

Platform at 1080 -1462.5
Number of edges: 2
1040 -1462.5 -100 0 1
1120 -1462.5 100 0 1

Platform at 1120 -1462.5
Number of edges: 2
1080 -1462.5 -100 0 1
1160 -1462.5 100 0 1

Platform at 1160 -1462.5
Number of edges: 2
1120 -1462.5 -100 0 1
1200 -1462.5 100 0 1

Platform at 1200 -1462.5
Number of edges: 2
1160 -1462.5 -100 0 1
1240 -1462.5 100 0 1

Platform at 1240 -1462.5
Number of edges: 2
1200 -1462.5 -100 0 1
1280 -1462.5 100 0 1

Platform at 1280 -1462.5
Number of edges: 2
1240 -1462.5 -100 0 1
1320 -1462.5 100 0 1

Platform at 1320 -1462.5
Number of edges: 2
1280 -1462.5 -100 0 1
1360 -1462.5 100 0 1

Platform at 1360 -1462.5
Number of edges: 2
1320 -1462.5 -100 0 1
1400 -1462.5 100 0 1

Platform at 1400 -1462.5
Number of edges: 2
1360 -1462.5 -100 0 1
1440 -1462.5 100 0 1

Platform at 1440 -1462.5
Number of edges: 2
1400 -1462.5 -100 0 1
1480 -1462.5 100 0 1

Platform at 1480 -1462.5
Number of edges: 2
1440 -1462.5 -100 0 1
1520 -1462.5 100 0 1

Platform at 1520 -1462.5
Number of edges: 2
1480 -1462.5 -100 0 1
1560 -1462.5 100 0 1

Platform at 1560 -1462.5
Number of edges: 1
1520 -1462.5 -100 0 1

Platform at 800 438.75
Number of edges: 2
880 450 30 0 2
920 450 240 0 2

Platform at 480 888.75
Number of edges: 3
520 888.75 100 0 1
280 888.75 -216.866 -276.669 8
440 888.75 -100 0 1

Platform at 440 888.75
Number of edges: 3
480 888.75 100 0 1
280 888.75 -173.493 -276.669 8
260 832.5 -290.496 -276.669 8

Platform at 160 888.75
Number of edges: 7
120 888.75 -100 0 1
240 877.5 271.007 -126.669 8
80 866.25 -96.1428 -276.669 8
40 855 -283.798 -206.669 8
20 832.5 -225.941 -276.669 8
260 832.5 161.387 -276.669 8
200 888.75 100 0 1

Platform at 200 888.75
Number of edges: 3
160 888.75 -100 0 1
80 866.25 -144.214 -276.669 8
20 832.5 -290.496 -276.669 8

Platform at 620 776.25
Number of edges: 2
580 776.25 -100 0 1
680 776.25 100 0 1

