Platform at 120 888.75
Number of edges: 3
240 877.5 335.901 -138.665 8
80 866.25 -51.6637 -261.332 8
160 888.75 160 0 1

Platform at 280 888.75
Number of edges: 0

Platform at 520 888.75
Number of edges: 3
280 888.75 -275.511 -261.332 8
560 888.75 160 0 1
480 888.75 -160 0 1

Platform at 560 888.75
Number of edges: 2
520 888.75 -160 0 1
600 888.75 160 0 1

Platform at 600 888.75
Number of edges: 2
560 888.75 -160 0 1
640 888.75 160 0 1

Platform at 640 888.75
Number of edges: 2
600 888.75 -160 0 1
680 888.75 160 0 1

Platform at 680 888.75
Number of edges: 3
640 888.75 -160 0 1
720 888.75 160 0 1
920 877.5 290.666 -261.332 8

Platform at 720 888.75
Number of edges: 4
680 888.75 -160 0 1
760 888.75 160 0 1
920 877.5 242.222 -261.332 8
960 866.25 309.982 -261.332 8

Platform at 760 888.75
Number of edges: 4
720 888.75 -160 0 1
800 888.75 160 0 1
920 877.5 193.777 -261.332 8
960 866.25 258.319 -261.332 8

Platform at 800 888.75
Number of edges: 6
760 888.75 -160 0 1
840 888.75 160 0 1
920 877.5 145.333 -261.332 8
960 866.25 206.655 -261.332 8
1000 855 284.92 -258.665 8
1020 843.75 346.555 -261.332 8

Platform at 840 888.75
Number of edges: 6
800 888.75 -160 0 1
880 888.75 160 0 1
920 877.5 96.8886 -261.332 8
960 866.25 154.991 -261.332 8
1000 855 306.257 -221.332 8
1020 843.75 283.545 -261.332 8

Platform at 880 888.75
Number of edges: 3
840 888.75 -160 0 1
920 877.5 50.1622 -253.332 8
960 866.25 103.327 -261.332 8

Platform at 240 877.5
Number of edges: 3
120 888.75 -280 0 2
160 888.75 -70 0 2
200 888.75 -50 0 2

Platform at 80 866.25
Number of edges: 4
120 888.75 50 0 2
20 832.5 -85.4761 -258.665 8
160 888.75 50 0 2
200 888.75 200 0 2

Platform at 40 855
Number of edges: 4
120 888.75 220 0 2
80 866.25 50 0 2
160 888.75 220 0 2
200 888.75 280 0 2

Platform at 20 832.5
Number of edges: 6
120 888.75 190 0 2
80 866.25 80 0 2
40 855 50 0 2
100 776.25 100.583 -309.332 8
160 888.75 190 0 2
200 888.75 270 0 2

Platform at 260 832.5
Number of edges: 7
120 888.75 -180 0 2
280 888.75 50 0 2
240 877.5 -50 0 2
80 866.25 -320 0 2
440 888.75 260 0 2
160 888.75 -90 0 2
200 888.75 -60 0 2

Platform at 920 877.5
Number of edges: 4
800 888.75 -280 0 2
840 888.75 -70 0 2
880 888.75 -50 0 2
960 866.25 54.7261 -234.665 8

Platform at 960 866.25
Number of edges: 4
800 888.75 -340 0 2
840 888.75 -220 0 2
880 888.75 -220 0 2
920 877.5 -50 0 2

Platform at 1000 855
Number of edges: 4
840 888.75 -300 0 2
880 888.75 -300 0 2
920 877.5 -220 0 2
960 866.25 -50 0 2

Platform at 1020 843.75
Number of edges: 5
840 888.75 -310 0 2
880 888.75 -310 0 2
920 877.5 -220 0 2
960 866.25 -110 0 2
1000 855 -50 0 2

Platform at 1060 843.75
Number of edges: 0

Platform at 1380 843.75
Number of edges: 0

Platform at 1420 843.75
Number of edges: 1
1460 843.75 160 0 1

Platform at 1460 843.75
Number of edges: 2
1420 843.75 -160 0 1
1500 843.75 160 0 1

Platform at 1500 843.75
Number of edges: 3
1460 843.75 -160 0 1
1540 843.75 160 0 1
1420 776.25 -111.493 -309.332 8

Platform at 1540 843.75
Number of edges: 2
1500 843.75 -160 0 1
1420 776.25 -167.24 -309.332 8

Platform at 1080 832.5
Number of edges: 4
960 866.25 -320 0 2
1020 843.75 -50 0 2
1060 843.75 -50 0 2
1120 832.5 160 0 1

Platform at 1120 832.5
Number of edges: 2
1080 832.5 -160 0 1
1160 832.5 160 0 1

Platform at 1160 832.5
Number of edges: 4
1120 832.5 -160 0 1
1200 832.5 160 0 1
1220 776.25 52.9961 -389.332 8
1320 708.75 140.284 -450.665 8

Platform at 1200 832.5
Number of edges: 2
1160 832.5 -160 0 1
1240 832.5 160 0 1

Platform at 1240 832.5
Number of edges: 2
1200 832.5 -160 0 1
1280 832.5 160 0 1

Platform at 1280 832.5
Number of edges: 2
1240 832.5 -160 0 1
1320 832.5 160 0 1

Platform at 1320 832.5
Number of edges: 2
1280 832.5 -160 0 1
1360 832.5 160 0 1

Platform at 1360 832.5
Number of edges: 4
1320 832.5 -160 0 1
1380 843.75 50 0 2
1420 843.75 50 0 2
1460 843.75 180 0 2

Platform at 100 776.25
Number of edges: 2
20 832.5 -50 0 2
140 776.25 160 0 1

Platform at 140 776.25
Number of edges: 2
100 776.25 -160 0 1
180 776.25 160 0 1

Platform at 180 776.25
Number of edges: 2
140 776.25 -160 0 1
220 776.25 160 0 1

Platform at 220 776.25
Number of edges: 2
180 776.25 -160 0 1
260 776.25 160 0 1

Platform at 260 776.25
Number of edges: 3
220 776.25 -160 0 1
300 776.25 160 0 1
100 697.5 -279.253 -309.332 8

Platform at 300 776.25
Number of edges: 3
260 776.25 -160 0 1
340 776.25 160 0 1
100 697.5 -349.067 -309.332 8

Platform at 340 776.25
Number of edges: 2
300 776.25 -160 0 1
380 776.25 160 0 1

Platform at 380 776.25
Number of edges: 2
340 776.25 -160 0 1
420 776.25 160 0 1

Platform at 420 776.25
Number of edges: 2
380 776.25 -160 0 1
460 776.25 160 0 1

Platform at 460 776.25
Number of edges: 2
420 776.25 -160 0 1
500 776.25 160 0 1

Platform at 500 776.25
Number of edges: 2
460 776.25 -160 0 1
540 776.25 160 0 1

Platform at 540 776.25
Number of edges: 2
500 776.25 -160 0 1
580 776.25 160 0 1

Platform at 580 776.25
Number of edges: 2
540 776.25 -160 0 1
620 776.25 160 0 1

Platform at 680 776.25
Number of edges: 4
720 776.25 160 0 1
740 596.25 52.9877 -498.665 8
560 652.5 -138.608 -402.665 8
620 776.25 -160 0 1

Platform at 720 776.25
Number of edges: 4
680 776.25 -160 0 1
760 776.25 160 0 1
640 585 -71.4694 -506.665 8
560 652.5 -184.81 -402.665 8

Platform at 760 776.25
Number of edges: 3
720 776.25 -160 0 1
800 776.25 160 0 1
560 652.5 -231.013 -402.665 8

Platform at 800 776.25
Number of edges: 2
760 776.25 -160 0 1
840 776.25 160 0 1

Platform at 840 776.25
Number of edges: 2
800 776.25 -160 0 1
880 776.25 160 0 1

Platform at 880 776.25
Number of edges: 3
840 776.25 -160 0 1
920 776.25 160 0 1
980 596.25 88.3129 -498.665 8

Platform at 920 776.25
Number of edges: 4
880 776.25 -160 0 1
960 776.25 160 0 1
980 596.25 52.9877 -498.665 8
860 596.25 -52.9877 -498.665 8

Platform at 960 776.25
Number of edges: 3
920 776.25 -160 0 1
1000 776.25 160 0 1
860 596.25 -88.3129 -498.665 8

Platform at 1000 776.25
Number of edges: 3
960 776.25 -160 0 1
1040 776.25 160 0 1
1220 776.25 193.36 -341.332 8

Platform at 1040 776.25
Number of edges: 3
1000 776.25 -160 0 1
1080 776.25 160 0 1
1220 776.25 159.45 -338.665 8

Platform at 1080 776.25
Number of edges: 3
1040 776.25 -160 0 1
1120 776.25 160 0 1
1220 776.25 124.016 -338.665 8

Platform at 1120 776.25
Number of edges: 5
1080 776.25 -160 0 1
1160 832.5 50 0 2
1200 832.5 50 0 2
1220 776.25 88.5831 -338.665 8
1320 708.75 185.068 -386.665 8

Platform at 1220 776.25
Number of edges: 5
1160 832.5 -50 0 2
1200 832.5 -50 0 2
1120 776.25 -88.5831 -338.665 8
1260 776.25 160 0 1
1320 708.75 92.5342 -386.665 8

Platform at 1260 776.25
Number of edges: 4
1220 776.25 -160 0 1
1120 776.25 -124.016 -338.665 8
1300 776.25 160 0 1
1320 708.75 55.5205 -386.665 8

Platform at 1300 776.25
Number of edges: 3
1260 776.25 -160 0 1
1120 776.25 -235.466 -229.332 8
1340 776.25 160 0 1

Platform at 1340 776.25
Number of edges: 2
1300 776.25 -160 0 1
1380 776.25 160 0 1

Platform at 1380 776.25
Number of edges: 2
1340 776.25 -160 0 1
1420 776.25 160 0 1

Platform at 1420 776.25
Number of edges: 4
1380 776.25 -160 0 1
1460 843.75 50 0 2
1500 843.75 50 0 2
1540 843.75 120 0 2

Platform at 1320 708.75
Number of edges: 7
1120 832.5 -220 0 2
1160 832.5 -220 0 2
1120 776.25 -280 0 2
1220 776.25 -80 0 2
1260 776.25 -50 0 2
1300 776.25 -50 0 2
1360 708.75 160 0 1

Platform at 1360 708.75
Number of edges: 3
1320 708.75 -160 0 1
1400 708.75 160 0 1
1500 652.5 270.224 -263.999 8

Platform at 1400 708.75
Number of edges: 3
1360 708.75 -160 0 1
1440 708.75 160 0 1
1500 652.5 170.204 -271.999 8

Platform at 1440 708.75
Number of edges: 3
1400 708.75 -160 0 1
1480 708.75 160 0 1
1500 652.5 68.1552 -327.999 8

Platform at 1480 708.75
Number of edges: 2
1440 708.75 -160 0 1
1540 843.75 50 0 2

Platform at 1540 652.5
Number of edges: 2
1500 652.5 -160 0 1
1420 596.25 -136.31 -327.999 8

Platform at 1500 652.5
Number of edges: 7
1540 652.5 160 0 1
1320 708.75 -270 0 2
1360 708.75 -180 0 2
1400 708.75 -90 0 2
1440 708.75 -50 0 2
1480 708.75 -50 0 2
1420 596.25 -90.8736 -327.999 8

Platform at 1420 596.25
Number of edges: 3
1540 652.5 130 0 2
1500 652.5 50 0 2
1380 596.25 -160 0 1

Platform at 980 596.25
Number of edges: 5
840 776.25 -110 0 2
880 776.25 -60 0 2
920 776.25 -50 0 2
1020 596.25 160 0 1
860 596.25 -109.757 -327.999 8

Platform at 1020 596.25
Number of edges: 3
980 596.25 -160 0 1
1060 596.25 160 0 1
860 596.25 -146.342 -327.999 8

Platform at 1060 596.25
Number of edges: 4
1020 596.25 -160 0 1
1100 596.25 160 0 1
860 596.25 -182.928 -327.999 8
1260 506.25 308.404 -333.332 8

Platform at 1100 596.25
Number of edges: 4
1060 596.25 -160 0 1
1140 596.25 160 0 1
860 596.25 -219.513 -327.999 8
1260 506.25 228.309 -338.665 8

Platform at 1140 596.25
Number of edges: 3
1100 596.25 -160 0 1
1180 596.25 160 0 1
1260 506.25 150.594 -351.998 8

Platform at 1180 596.25
Number of edges: 3
1140 596.25 -160 0 1
1220 596.25 160 0 1
1260 506.25 70.7913 -418.665 8

Platform at 1220 596.25
Number of edges: 3
1180 596.25 -160 0 1
1260 596.25 160 0 1
1160 450 -53.5495 -466.665 8

Platform at 1260 596.25
Number of edges: 2
1220 596.25 -160 0 1
1300 596.25 160 0 1

Platform at 1300 596.25
Number of edges: 2
1260 596.25 -160 0 1
1340 596.25 160 0 1

Platform at 1340 596.25
Number of edges: 2
1300 596.25 -160 0 1
1380 596.25 160 0 1

Platform at 1380 596.25
Number of edges: 2
1420 596.25 160 0 1
1340 596.25 -160 0 1

Platform at 860 596.25
Number of edges: 6
920 776.25 50 0 2
960 776.25 60 0 2
1000 776.25 110 0 2
980 596.25 109.757 -327.999 8
820 596.25 -160 0 1
640 585 -192.907 -351.998 8

Platform at 740 596.25
Number of edges: 5
680 776.25 -50 0 2
980 596.25 219.513 -327.999 8
780 596.25 160 0 1
640 585 -87.685 -351.998 8
620 776.25 -90 0 2

Platform at 780 596.25
Number of edges: 4
740 596.25 -160 0 1
980 596.25 182.928 -327.999 8
820 596.25 160 0 1
640 585 -122.759 -351.998 8

Platform at 820 596.25
Number of edges: 5
860 596.25 160 0 1
780 596.25 -160 0 1
980 596.25 146.342 -327.999 8
640 585 -157.833 -351.998 8
880 450 55.7786 -458.665 8

Platform at 20 697.5
Number of edges: 2
60 697.5 160 0 1
160 641.25 124.807 -386.665 8

Platform at 60 697.5
Number of edges: 3
20 697.5 -160 0 1
100 697.5 160 0 1
160 641.25 89.1479 -386.665 8

Platform at 100 697.5
Number of edges: 7
60 697.5 -160 0 1
140 776.25 50 0 2
180 776.25 50 0 2
220 776.25 110 0 2
260 776.25 190 0 2
300 776.25 270 0 2
160 641.25 53.4888 -386.665 8

Platform at 160 641.25
Number of edges: 4
20 697.5 -180 0 2
60 697.5 -90 0 2
100 697.5 -50 0 2
200 641.25 160 0 1

Platform at 200 641.25
Number of edges: 3
160 641.25 -160 0 1
240 641.25 160 0 1
280 517.5 70.9559 -447.998 8

Platform at 240 641.25
Number of edges: 3
200 641.25 -160 0 1
280 641.25 160 0 1
160 517.5 -70.9559 -447.998 8

Platform at 280 641.25
Number of edges: 2
240 641.25 -160 0 1
320 641.25 160 0 1

Platform at 320 641.25
Number of edges: 3
280 641.25 -160 0 1
360 641.25 160 0 1
520 585 297.552 -285.332 8

Platform at 360 641.25
Number of edges: 3
320 641.25 -160 0 1
400 641.25 160 0 1
520 585 238.041 -285.332 8

Platform at 400 641.25
Number of edges: 3
360 641.25 -160 0 1
440 641.25 160 0 1
520 585 178.531 -285.332 8

Platform at 440 641.25
Number of edges: 5
400 641.25 -160 0 1
520 585 105.732 -301.332 8
480 652.5 50 0 2
520 652.5 70 0 2
560 652.5 280 0 2

Platform at 520 585
Number of edges: 7
320 641.25 -310 0 2
360 641.25 -220 0 2
400 641.25 -130 0 2
440 641.25 -50 0 2
560 585 160 0 1
440 517.5 -71.1543 -397.332 8
420 405 -88.3129 -498.665 8

Platform at 560 585
Number of edges: 4
520 585 -160 0 1
600 585 160 0 1
440 517.5 -105.717 -399.998 8
420 405 -123.638 -498.665 8

Platform at 600 585
Number of edges: 3
560 585 -160 0 1
640 585 160 0 1
440 517.5 -145.112 -391.998 8

Platform at 640 585
Number of edges: 5
600 585 -160 0 1
680 776.25 50 0 2
720 776.25 50 0 2
740 596.25 150 0 2
440 517.5 -185.068 -386.665 8

Platform at 480 652.5
Number of edges: 2
440 641.25 -50.1622 -253.332 8
520 652.5 160 0 1

Platform at 520 652.5
Number of edges: 3
480 652.5 -160 0 1
440 641.25 -252.044 -130.665 8
560 652.5 160 0 1

Platform at 560 652.5
Number of edges: 5
520 652.5 -160 0 1
680 776.25 100 0 2
720 776.25 160 0 2
760 776.25 220 0 2
620 776.25 50 0 2

Platform at 440 517.5
Number of edges: 6
520 585 50 0 2
560 585 120 0 2
600 585 210 0 2
640 585 290 0 2
400 517.5 -160 0 1
560 405 106.742 -437.331 8

Platform at 280 517.5
Number of edges: 5
160 641.25 -100 0 2
200 641.25 -50 0 2
240 641.25 -50 0 2
320 517.5 160 0 1
160 517.5 -137.756 -261.332 8

Platform at 320 517.5
Number of edges: 3
280 517.5 -160 0 1
360 517.5 160 0 1
160 517.5 -183.674 -261.332 8

Platform at 360 517.5
Number of edges: 3
320 517.5 -160 0 1
400 517.5 160 0 1
160 517.5 -229.593 -261.332 8

Platform at 400 517.5
Number of edges: 3
440 517.5 160 0 1
360 517.5 -160 0 1
160 517.5 -275.511 -261.332 8

Platform at 160 517.5
Number of edges: 5
200 641.25 50 0 2
240 641.25 50 0 2
280 641.25 100 0 2
280 517.5 137.756 -261.332 8
120 517.5 -160 0 1

Platform at 40 517.5
Number of edges: 2
280 517.5 264.707 -271.999 8
80 517.5 160 0 1

Platform at 80 517.5
Number of edges: 3
40 517.5 -160 0 1
280 517.5 229.593 -261.332 8
120 517.5 160 0 1

Platform at 120 517.5
Number of edges: 3
160 517.5 160 0 1
80 517.5 -160 0 1
280 517.5 183.674 -261.332 8

Platform at 1540 506.25
Number of edges: 1
1500 506.25 -160 0 1

Platform at 1260 506.25
Number of edges: 7
1060 596.25 -250 0 2
1100 596.25 -180 0 2
1140 596.25 -110 0 2
1180 596.25 -50 0 2
1220 596.25 -50 0 2
1300 506.25 160 0 1
1160 450 -88.3268 -389.332 8

Platform at 1300 506.25
Number of edges: 3
1260 506.25 -160 0 1
1340 506.25 160 0 1
1160 450 -122.532 -391.998 8

Platform at 1340 506.25
Number of edges: 3
1300 506.25 -160 0 1
1380 506.25 160 0 1
1160 450 -157.542 -391.998 8

Platform at 1380 506.25
Number of edges: 3
1340 506.25 -160 0 1
1420 506.25 160 0 1
1160 450 -190.82 -394.665 8

Platform at 1420 506.25
Number of edges: 2
1380 506.25 -160 0 1
1460 506.25 160 0 1

Platform at 1460 506.25
Number of edges: 2
1420 506.25 -160 0 1
1500 506.25 160 0 1

Platform at 1500 506.25
Number of edges: 2
1540 506.25 160 0 1
1460 506.25 -160 0 1

Platform at 1160 450
Number of edges: 7
1220 596.25 50 0 2
1260 596.25 60 0 2
1260 506.25 80 0 2
1300 506.25 180 0 2
1340 506.25 270 0 2
1120 450 -160 0 1
1060 258.75 -89.3368 -506.665 8

Platform at 880 450
Number of edges: 3
920 450 160 0 1
760 405 -106.251 -378.665 8
800 438.75 -70.7157 -349.332 8

Platform at 920 450
Number of edges: 4
880 450 -160 0 1
960 450 160 0 1
760 405 -141.668 -378.665 8
800 438.75 -105.222 -351.998 8

Platform at 960 450
Number of edges: 4
920 450 -160 0 1
1000 450 160 0 1
760 405 -177.085 -378.665 8
800 438.75 -140.296 -351.998 8

Platform at 1000 450
Number of edges: 3
960 450 -160 0 1
1040 450 160 0 1
800 438.75 -175.37 -351.998 8

Platform at 1040 450
Number of edges: 3
1000 450 -160 0 1
1080 450 160 0 1
800 438.75 -210.444 -351.998 8

Platform at 1080 450
Number of edges: 2
1040 450 -160 0 1
1120 450 160 0 1

Platform at 1120 450
Number of edges: 3
1160 450 160 0 1
1080 450 -160 0 1
1060 258.75 -53.6021 -506.665 8

Platform at 760 405
Number of edges: 5
880 450 140 0 2
920 450 250 0 2
960 450 350 0 2
720 405 -160 0 1
800 438.75 50 0 2

Platform at 560 405
Number of edges: 5
520 585 -50 0 2
440 517.5 -100 0 2
400 517.5 -160 0 2
600 405 160 0 1
420 405 -128.049 -327.999 8

Platform at 600 405
Number of edges: 3
560 405 -160 0 1
640 405 160 0 1
420 405 -164.635 -327.999 8

Platform at 640 405
Number of edges: 3
600 405 -160 0 1
680 405 160 0 1
420 405 -201.22 -327.999 8

Platform at 680 405
Number of edges: 2
640 405 -160 0 1
720 405 160 0 1

Platform at 720 405
Number of edges: 2
760 405 160 0 1
680 405 -160 0 1

Platform at 420 405
Number of edges: 6
520 585 60 0 2
560 585 110 0 2
560 405 128.049 -327.999 8
380 405 -160 0 1
320 258.75 -88.1154 -469.331 8
500 258.75 71.3993 -466.665 8

Platform at 220 405
Number of edges: 2
260 405 160 0 1
160 360 -64.3456 -327.999 8

Platform at 260 405
Number of edges: 3
220 405 -160 0 1
300 405 160 0 1
160 360 -107.243 -327.999 8

Platform at 300 405
Number of edges: 3
260 405 -160 0 1
340 405 160 0 1
160 360 -150.14 -327.999 8

Platform at 340 405
Number of edges: 5
300 405 -160 0 1
560 405 194.883 -338.665 8
380 405 160 0 1
160 360 -193.037 -327.999 8
500 258.75 140.985 -469.331 8

Platform at 380 405
Number of edges: 6
420 405 160 0 1
340 405 -160 0 1
560 405 164.635 -327.999 8
160 360 -235.934 -327.999 8
320 258.75 -53.5495 -466.665 8
500 258.75 105.739 -469.331 8

Platform at 160 360
Number of edges: 6
220 405 50 0 2
260 405 90 0 2
300 405 200 0 2
340 405 300 0 2
120 360 -160 0 1
20 326.25 -231.319 -237.332 8

Platform at 80 360
Number of edges: 3
120 360 160 0 1
20 326.25 -53.247 -367.998 8
20 180 -52.9877 -498.665 8

Platform at 120 360
Number of edges: 3
160 360 160 0 1
80 360 -160 0 1
20 326.25 -142.46 -258.665 8

Platform at 20 326.25
Number of edges: 4
160 360 220 0 2
80 360 50 0 2
120 360 110 0 2
120 258.75 102.137 -362.665 8

Platform at 120 258.75
Number of edges: 4
80 360 -50 0 2
20 326.25 -80 0 2
160 258.75 160 0 1
20 180 -88.7237 -407.998 8

Platform at 160 258.75
Number of edges: 3
120 258.75 -160 0 1
200 258.75 160 0 1
20 180 -171.54 -341.332 8

Platform at 200 258.75
Number of edges: 3
160 258.75 -160 0 1
240 258.75 160 0 1
20 180 -256.709 -322.665 8

Platform at 240 258.75
Number of edges: 3
200 258.75 -160 0 1
280 258.75 160 0 1
20 180 -333.275 -317.332 8

Platform at 280 258.75
Number of edges: 3
240 258.75 -160 0 1
320 258.75 160 0 1
500 258.75 193.36 -341.332 8

Platform at 320 258.75
Number of edges: 4
280 258.75 -160 0 1
420 405 60 0 2
380 405 50 0 2
500 258.75 159.45 -338.665 8

Platform at 500 258.75
Number of edges: 5
420 405 -50 0 2
340 405 -150 0 2
380 405 -90 0 2
320 258.75 -159.45 -338.665 8
540 258.75 160 0 1

Platform at 540 258.75
Number of edges: 3
500 258.75 -160 0 1
320 258.75 -193.36 -341.332 8
580 258.75 160 0 1

Platform at 580 258.75
Number of edges: 2
540 258.75 -160 0 1
620 258.75 160 0 1

Platform at 620 258.75
Number of edges: 2
580 258.75 -160 0 1
660 258.75 160 0 1

Platform at 660 258.75
Number of edges: 2
620 258.75 -160 0 1
700 258.75 160 0 1

Platform at 700 258.75
Number of edges: 2
660 258.75 -160 0 1
740 258.75 160 0 1

Platform at 740 258.75
Number of edges: 2
700 258.75 -160 0 1
780 258.75 160 0 1

Platform at 780 258.75
Number of edges: 2
740 258.75 -160 0 1
820 258.75 160 0 1

Platform at 820 258.75
Number of edges: 2
780 258.75 -160 0 1
860 258.75 160 0 1

Platform at 860 258.75
Number of edges: 2
820 258.75 -160 0 1
900 258.75 160 0 1

Platform at 900 258.75
Number of edges: 2
860 258.75 -160 0 1
940 258.75 160 0 1

Platform at 940 258.75
Number of edges: 2
900 258.75 -160 0 1
980 258.75 160 0 1

Platform at 980 258.75
Number of edges: 3
940 258.75 -160 0 1
1020 258.75 160 0 1
1180 225 175.968 -370.665 8

Platform at 1020 258.75
Number of edges: 3
980 258.75 -160 0 1
1060 258.75 160 0 1
1180 225 140.775 -370.665 8

Platform at 1060 258.75
Number of edges: 4
1020 258.75 -160 0 1
1160 450 60 0 2
1120 450 50 0 2
1180 225 106.494 -367.998 8

Platform at 1180 225
Number of edges: 4
1120 450 -50 0 2
1020 258.75 -280 0 2
1060 258.75 -160 0 2
1220 225 160 0 1

Platform at 1220 225
Number of edges: 3
1180 225 -160 0 1
1260 225 160 0 1
1460 225 210.938 -341.332 8

Platform at 1260 225
Number of edges: 3
1220 225 -160 0 1
1300 225 160 0 1
1460 225 175.782 -341.332 8

Platform at 1300 225
Number of edges: 3
1260 225 -160 0 1
1340 225 160 0 1
1460 225 141.733 -338.665 8

Platform at 1340 225
Number of edges: 3
1300 225 -160 0 1
1380 225 160 0 1
1460 225 108 -333.332 8

Platform at 1380 225
Number of edges: 2
1340 225 -160 0 1
1460 225 98.9016 -242.665 8

Platform at 1540 225
Number of edges: 2
1380 225 -204.547 -234.665 8
1500 225 -160 0 1

Platform at 1460 225
Number of edges: 2
1380 225 -102.273 -234.665 8
1500 225 160 0 1

Platform at 1500 225
Number of edges: 3
1540 225 160 0 1
1460 225 -160 0 1
1380 225 -153.41 -234.665 8

Platform at 20 180
Number of edges: 6
80 360 50 0 2
120 360 60 0 2
120 258.75 80 0 2
160 258.75 150 0 2
200 258.75 230 0 2
240 258.75 310 0 2

Platform at 1440 -101.25
Number of edges: 1
1400 -101.25 -160 0 1

Platform at 160 -101.25
Number of edges: 2
200 -101.25 160 0 1
60 -213.75 -88.952 -437.331 8

Platform at 200 -101.25
Number of edges: 4
160 -101.25 -160 0 1
240 -101.25 160 0 1
420 -168.75 193.814 -399.998 8
60 -213.75 -125.956 -434.665 8

Platform at 240 -101.25
Number of edges: 4
200 -101.25 -160 0 1
280 -101.25 160 0 1
420 -168.75 158.575 -399.998 8
60 -213.75 -181.79 -410.665 8

Platform at 280 -101.25
Number of edges: 3
240 -101.25 -160 0 1
320 -101.25 160 0 1
420 -168.75 123.336 -399.998 8

Platform at 320 -101.25
Number of edges: 4
280 -101.25 -160 0 1
360 -101.25 160 0 1
420 -168.75 88.0973 -399.998 8
260 -292.5 -53.6021 -506.665 8

Platform at 360 -101.25
Number of edges: 4
320 -101.25 -160 0 1
400 -101.25 160 0 1
420 -168.75 53.3657 -397.332 8
260 -292.5 -92.437 -501.331 8

Platform at 400 -101.25
Number of edges: 2
360 -101.25 -160 0 1
440 -101.25 160 0 1

Platform at 440 -101.25
Number of edges: 2
400 -101.25 -160 0 1
480 -101.25 160 0 1

Platform at 480 -101.25
Number of edges: 2
440 -101.25 -160 0 1
520 -101.25 160 0 1

Platform at 520 -101.25
Number of edges: 2
480 -101.25 -160 0 1
560 -101.25 160 0 1

Platform at 560 -101.25
Number of edges: 2
520 -101.25 -160 0 1
600 -101.25 160 0 1

Platform at 600 -101.25
Number of edges: 2
560 -101.25 -160 0 1
640 -101.25 160 0 1

Platform at 640 -101.25
Number of edges: 2
600 -101.25 -160 0 1
680 -101.25 160 0 1

Platform at 680 -101.25
Number of edges: 4
640 -101.25 -160 0 1
720 -101.25 160 0 1
620 -168.75 -53.3657 -397.332 8
740 -213.75 53.3712 -437.331 8

Platform at 720 -101.25
Number of edges: 3
680 -101.25 -160 0 1
760 -101.25 160 0 1
620 -168.75 -88.0973 -399.998 8

Platform at 760 -101.25
Number of edges: 3
720 -101.25 -160 0 1
800 -101.25 160 0 1
620 -168.75 -215.814 -298.665 8

Platform at 800 -101.25
Number of edges: 2
760 -101.25 -160 0 1
840 -101.25 160 0 1

Platform at 840 -101.25
Number of edges: 2
800 -101.25 -160 0 1
880 -101.25 160 0 1

Platform at 880 -101.25
Number of edges: 2
840 -101.25 -160 0 1
920 -101.25 160 0 1

Platform at 920 -101.25
Number of edges: 2
880 -101.25 -160 0 1
960 -101.25 160 0 1

Platform at 960 -101.25
Number of edges: 2
920 -101.25 -160 0 1
1000 -101.25 160 0 1

Platform at 1000 -101.25
Number of edges: 2
960 -101.25 -160 0 1
1040 -101.25 160 0 1

Platform at 1040 -101.25
Number of edges: 2
1000 -101.25 -160 0 1
1080 -101.25 160 0 1

Platform at 1080 -101.25
Number of edges: 3
1040 -101.25 -160 0 1
1120 -101.25 160 0 1
1020 -213.75 -53.3712 -437.331 8

Platform at 1120 -101.25
Number of edges: 3
1080 -101.25 -160 0 1
1160 -101.25 160 0 1
1020 -213.75 -88.952 -437.331 8

Platform at 1160 -101.25
Number of edges: 4
1120 -101.25 -160 0 1
1200 -101.25 160 0 1
1020 -213.75 -123.155 -439.998 8
1240 -326.25 70.5209 -538.665 8

Platform at 1200 -101.25
Number of edges: 3
1160 -101.25 -160 0 1
1240 -101.25 160 0 1
1020 -213.75 -158.342 -439.998 8

Platform at 1240 -101.25
Number of edges: 2
1200 -101.25 -160 0 1
1280 -101.25 160 0 1

Platform at 1280 -101.25
Number of edges: 2
1240 -101.25 -160 0 1
1320 -101.25 160 0 1

Platform at 1320 -101.25
Number of edges: 2
1280 -101.25 -160 0 1
1360 -101.25 160 0 1

Platform at 1360 -101.25
Number of edges: 2
1320 -101.25 -160 0 1
1400 -101.25 160 0 1

Platform at 1400 -101.25
Number of edges: 2
1440 -101.25 160 0 1
1360 -101.25 -160 0 1

Platform at 420 -168.75
Number of edges: 8
200 -101.25 -330 0 2
240 -101.25 -250 0 2
280 -101.25 -160 0 2
320 -101.25 -80 0 2
360 -101.25 -50 0 2
400 -101.25 -50 0 2
460 -168.75 160 0 1
260 -292.5 -184.81 -402.665 8

Platform at 460 -168.75
Number of edges: 3
420 -168.75 -160 0 1
500 -168.75 160 0 1
260 -292.5 -231.013 -402.665 8

Platform at 500 -168.75
Number of edges: 2
460 -168.75 -160 0 1
540 -168.75 160 0 1

Platform at 540 -168.75
Number of edges: 3
500 -168.75 -160 0 1
580 -168.75 160 0 1
740 -213.75 177.085 -378.665 8

Platform at 580 -168.75
Number of edges: 3
540 -168.75 -160 0 1
620 -168.75 160 0 1
740 -213.75 141.668 -378.665 8

Platform at 620 -168.75
Number of edges: 7
580 -168.75 -160 0 1
640 -101.25 50 0 2
680 -101.25 50 0 2
720 -101.25 80 0 2
760 -101.25 160 0 2
800 -101.25 250 0 2
740 -213.75 106.251 -378.665 8

Platform at 740 -213.75
Number of edges: 7
640 -101.25 -70 0 2
680 -101.25 -50 0 2
540 -168.75 -350 0 2
580 -168.75 -250 0 2
620 -168.75 -140 0 2
780 -213.75 160 0 1
580 -360 -155.644 -450.665 8

Platform at 780 -213.75
Number of edges: 2
740 -213.75 -160 0 1
820 -213.75 160 0 1

Platform at 820 -213.75
Number of edges: 1
780 -213.75 -160 0 1

Platform at 980 -213.75
Number of edges: 2
1020 -213.75 160 0 1
1060 -405 71.4694 -506.665 8

Platform at 1020 -213.75
Number of edges: 5
980 -213.75 -160 0 1
1080 -101.25 50 0 2
1120 -101.25 70 0 2
1160 -101.25 130 0 2
1200 -101.25 200 0 2

Platform at 1440 -326.25
Number of edges: 2
1400 -326.25 -160 0 1
1300 -483.75 -147.523 -450.665 8

Platform at 1400 -326.25
Number of edges: 2
1440 -326.25 160 0 1
1300 -483.75 -105.374 -450.665 8

Platform at 1240 -326.25
Number of edges: 3
1160 -101.25 -50 0 2
1200 -101.25 -50 0 2
1140 -405 -114.619 -351.998 8

Platform at 1140 -405
Number of edges: 4
1240 -326.25 80 0 2
1100 -405 -160 0 1
1220 -483.75 70.979 -407.998 8
960 -483.75 -159.703 -407.998 8

Platform at 1060 -405
Number of edges: 5
980 -213.75 -50 0 2
1020 -213.75 -50 0 2
1100 -405 160 0 1
1220 -483.75 141.958 -407.998 8
960 -483.75 -88.7237 -407.998 8

Platform at 1100 -405
Number of edges: 4
1140 -405 160 0 1
1060 -405 -160 0 1
1220 -483.75 106.468 -407.998 8
960 -483.75 -124.213 -407.998 8

Platform at 1220 -483.75
Number of edges: 5
1140 -405 -40 0 2
1060 -405 -190 0 2
1100 -405 -110 0 2
1260 -483.75 160 0 1
1360 -551.25 51.3216 -365.332 8

Platform at 1260 -483.75
Number of edges: 3
1220 -483.75 -160 0 1
1300 -483.75 160 0 1
1360 -551.25 52.5605 -306.665 8

Platform at 1300 -483.75
Number of edges: 3
1260 -483.75 -160 0 1
1440 -326.25 140 0 2
1400 -326.25 140 0 2

Platform at 1360 -551.25
Number of edges: 5
1220 -483.75 -160 0 2
1260 -483.75 -80 0 2
1300 -483.75 20 0 2
1400 -551.25 160 0 1
1540 -618.75 105.689 -349.332 8

Platform at 1400 -551.25
Number of edges: 3
1360 -551.25 -160 0 1
1440 -551.25 160 0 1
1540 -618.75 51.3216 -365.332 8

Platform at 1440 -551.25
Number of edges: 3
1400 -551.25 -160 0 1
1480 -551.25 160 0 1
1540 -618.75 52.5605 -306.665 8

Platform at 1480 -551.25
Number of edges: 3
1440 -551.25 -160 0 1
1520 -551.25 160 0 1
1400 -697.5 -161.399 -466.665 8

Platform at 1520 -551.25
Number of edges: 1
1480 -551.25 -160 0 1

Platform at 1540 -618.75
Number of edges: 6
1360 -551.25 -250 0 2
1400 -551.25 -160 0 2
1440 -551.25 -80 0 2
1480 -551.25 -50 0 2
1520 -551.25 -50 0 2
1400 -697.5 -124.213 -407.998 8

Platform at 1400 -697.5
Number of edges: 4
1440 -551.25 50 0 2
1480 -551.25 50 0 2
1520 -551.25 90 0 2
1540 -618.75 150 0 2

Platform at 1200 -697.5
Number of edges: 2
1160 -697.5 -160 0 1
960 -697.5 -210.938 -341.332 8

Platform at 1120 -697.5
Number of edges: 2
1160 -697.5 160 0 1
960 -697.5 -141.733 -338.665 8

Platform at 1160 -697.5
Number of edges: 3
1200 -697.5 160 0 1
1120 -697.5 -160 0 1
960 -697.5 -175.782 -341.332 8

Platform at 880 -483.75
Number of edges: 2
920 -483.75 160 0 1
680 -438.75 -330 0 2

Platform at 920 -483.75
Number of edges: 2
880 -483.75 -160 0 1
960 -483.75 160 0 1

Platform at 960 -483.75
Number of edges: 4
920 -483.75 -160 0 1
1140 -405 230 0 2
1060 -405 80 0 2
1100 -405 150 0 2

Platform at 960 -697.5
Number of edges: 2
1120 -697.5 141.733 -338.665 8
920 -697.5 -160 0 1

Platform at 800 -697.5
Number of edges: 2
840 -697.5 160 0 1
700 -697.5 -88.5831 -338.665 8

Platform at 840 -697.5
Number of edges: 3
800 -697.5 -160 0 1
880 -697.5 160 0 1
700 -697.5 -124.016 -338.665 8

Platform at 880 -697.5
Number of edges: 4
840 -697.5 -160 0 1
1120 -697.5 210.938 -341.332 8
920 -697.5 160 0 1
700 -697.5 -159.45 -338.665 8

Platform at 920 -697.5
Number of edges: 4
960 -697.5 160 0 1
880 -697.5 -160 0 1
1120 -697.5 175.782 -341.332 8
700 -697.5 -193.36 -341.332 8

Platform at 700 -697.5
Number of edges: 1
800 -697.5 88.5831 -338.665 8

Platform at 460 -765
Number of edges: 2
420 -765 -160 0 1
400 -945 -52.9877 -498.665 8

Platform at 380 -765
Number of edges: 1
420 -765 160 0 1

Platform at 420 -765
Number of edges: 3
460 -765 160 0 1
380 -765 -160 0 1
480 -945 52.9877 -498.665 8

Platform at 260 -765
Number of edges: 3
220 -765 -160 0 1
100 -855 -162.6 -386.665 8
200 -945 -52.9877 -498.665 8

Platform at 20 -765
Number of edges: 1
60 -765 160 0 1

Platform at 60 -765
Number of edges: 2
20 -765 -160 0 1
100 -765 160 0 1

Platform at 100 -765
Number of edges: 2
60 -765 -160 0 1
140 -765 160 0 1

Platform at 140 -765
Number of edges: 3
100 -765 -160 0 1
180 -765 160 0 1
200 -945 52.9877 -498.665 8

Platform at 180 -765
Number of edges: 3
140 -765 -160 0 1
220 -765 160 0 1
100 -855 -70.7913 -418.665 8

Platform at 220 -765
Number of edges: 4
260 -765 160 0 1
180 -765 -160 0 1
100 -855 -116.007 -397.332 8
280 -945 52.9877 -498.665 8

Platform at 20 -213.75
Number of edges: 2
180 -292.5 141.958 -407.998 8
60 -213.75 160 0 1

Platform at 260 -292.5
Number of edges: 7
320 -101.25 50 0 2
360 -101.25 60 0 2
400 -101.25 110 0 2
420 -168.75 160 0 2
460 -168.75 220 0 2
220 -292.5 -160 0 1
340 -360 71.1543 -397.332 8

Platform at 180 -292.5
Number of edges: 4
20 -213.75 -190 0 2
220 -292.5 160 0 1
340 -360 140.956 -399.998 8
60 -213.75 -110 0 2

Platform at 220 -292.5
Number of edges: 3
260 -292.5 160 0 1
180 -292.5 -160 0 1
340 -360 105.717 -399.998 8

Platform at 340 -360
Number of edges: 5
260 -292.5 -50 0 2
180 -292.5 -210 0 2
220 -292.5 -120 0 2
380 -360 160 0 1
500 -528.75 139.892 -490.665 8

Platform at 380 -360
Number of edges: 2
340 -360 -160 0 1
500 -528.75 106.385 -487.998 8

Platform at 500 -360
Number of edges: 2
540 -360 160 0 1
640 -438.75 147.293 -367.998 8

Platform at 540 -360
Number of edges: 3
500 -360 -160 0 1
580 -360 160 0 1
640 -438.75 105.209 -367.998 8

Platform at 580 -360
Number of edges: 4
540 -360 -160 0 1
620 -168.75 50 0 2
740 -213.75 150 0 2
640 -438.75 63.1255 -367.998 8

Platform at 640 -438.75
Number of edges: 5
500 -360 -150 0 2
540 -360 -80 0 2
580 -360 -50 0 2
680 -438.75 160 0 1
580 -528.75 -53.0935 -418.665 8

Platform at 680 -438.75
Number of edges: 4
640 -438.75 -160 0 1
740 -213.75 50 0 2
880 -483.75 177.085 -378.665 8
580 -528.75 -88.4891 -418.665 8

Platform at 500 -528.75
Number of edges: 2
340 -360 -90 0 2
380 -360 -70 0 2

Platform at 540 -528.75
Number of edges: 0

Platform at 580 -528.75
Number of edges: 0

Platform at 20 -855
Number of edges: 2
60 -855 160 0 1
200 -945 169.987 -402.665 8

Platform at 60 -855
Number of edges: 4
20 -855 -160 0 1
100 -855 160 0 1
280 -945 207.762 -402.665 8
200 -945 132.212 -402.665 8

Platform at 100 -855
Number of edges: 7
60 -855 -160 0 1
260 -765 180 0 2
140 -765 50 0 2
180 -765 50 0 2
220 -765 110 0 2
280 -945 169.987 -402.665 8
200 -945 94.4372 -402.665 8

Platform at 280 -945
Number of edges: 3
320 -945 160 0 1
200 -945 -102.273 -234.665 8
480 -945 255.683 -234.665 8

Platform at 320 -945
Number of edges: 4
280 -945 -160 0 1
360 -945 160 0 1
200 -945 -153.41 -234.665 8
480 -945 204.547 -234.665 8

Platform at 360 -945
Number of edges: 4
320 -945 -160 0 1
400 -945 160 0 1
200 -945 -204.547 -234.665 8
480 -945 153.41 -234.665 8

Platform at 400 -945
Number of edges: 3
360 -945 -160 0 1
200 -945 -255.683 -234.665 8
480 -945 102.273 -234.665 8

Platform at 200 -945
Number of edges: 5
140 -765 -50 0 2
20 -855 -220 0 2
60 -855 -150 0 2
100 -855 -70 0 2
280 -945 102.273 -234.665 8

Platform at 480 -945
Number of edges: 2
400 -945 -102.273 -234.665 8
520 -945 160 0 1

Platform at 520 -945
Number of edges: 3
480 -945 -160 0 1
400 -945 -153.41 -234.665 8
560 -945 160 0 1

Platform at 560 -945
Number of edges: 2
520 -945 -160 0 1
400 -945 -204.547 -234.665 8

Platform at 600 -945
Number of edges: 0

Platform at 640 -945
Number of edges: 1
680 -945 160 0 1

Platform at 680 -945
Number of edges: 2
640 -945 -160 0 1
720 -945 160 0 1

Platform at 720 -945
Number of edges: 2
680 -945 -160 0 1
760 -945 160 0 1

Platform at 760 -945
Number of edges: 2
720 -945 -160 0 1
800 -945 160 0 1

Platform at 800 -945
Number of edges: 2
760 -945 -160 0 1
840 -945 160 0 1

Platform at 840 -945
Number of edges: 2
800 -945 -160 0 1
880 -945 160 0 1

Platform at 880 -945
Number of edges: 1
840 -945 -160 0 1

Platform at 920 -945
Number of edges: 0

Platform at 960 -945
Number of edges: 1
1000 -945 160 0 1

Platform at 1000 -945
Number of edges: 2
960 -945 -160 0 1
1040 -945 160 0 1

Platform at 1040 -945
Number of edges: 2
1000 -945 -160 0 1
1080 -945 160 0 1

Platform at 1080 -945
Number of edges: 2
1040 -945 -160 0 1
1120 -945 160 0 1

Platform at 1120 -945
Number of edges: 1
1080 -945 -160 0 1

Platform at 1160 -945
Number of edges: 0

Platform at 1200 -945
Number of edges: 2
1240 -945 160 0 1
1420 -945 281.251 -234.665 8

Platform at 1240 -945
Number of edges: 4
1200 -945 -160 0 1
1280 -945 160 0 1
1420 -945 230.115 -234.665 8
1460 -967.5 328.195 -234.665 8

Platform at 1280 -945
Number of edges: 4
1240 -945 -160 0 1
1320 -945 160 0 1
1420 -945 178.978 -234.665 8
1460 -967.5 268.523 -234.665 8

Platform at 1320 -945
Number of edges: 4
1280 -945 -160 0 1
1420 -945 127.842 -234.665 8
1460 -967.5 208.851 -234.665 8
1500 -978.75 344.54 -221.332 8

Platform at 1420 -945
Number of edges: 1
1320 -945 -127.842 -234.665 8

Platform at 20 -1046.25
Number of edges: 1
60 -1046.25 160 0 1

Platform at 60 -1046.25
Number of edges: 3
20 -1046.25 -160 0 1
100 -1046.25 160 0 1
140 -1147.5 70.5901 -429.331 8

Platform at 100 -1046.25
Number of edges: 3
60 -1046.25 -160 0 1
140 -1046.25 160 0 1
20 -1102.5 -70.6614 -389.332 8

Platform at 140 -1046.25
Number of edges: 3
100 -1046.25 -160 0 1
180 -1046.25 160 0 1
20 -1102.5 -174.643 -287.999 8

Platform at 180 -1046.25
Number of edges: 3
140 -1046.25 -160 0 1
220 -1046.25 160 0 1
20 -1102.5 -331.585 -261.332 8

Platform at 220 -1046.25
Number of edges: 2
180 -1046.25 -160 0 1
260 -1046.25 160 0 1

Platform at 260 -1046.25
Number of edges: 1
220 -1046.25 -160 0 1

Platform at 380 -1046.25
Number of edges: 1
420 -1046.25 160 0 1

Platform at 420 -1046.25
Number of edges: 2
380 -1046.25 -160 0 1
460 -1046.25 160 0 1

Platform at 460 -1046.25
Number of edges: 2
420 -1046.25 -160 0 1
500 -1046.25 160 0 1

Platform at 500 -1046.25
Number of edges: 2
460 -1046.25 -160 0 1
540 -1046.25 160 0 1

Platform at 540 -1046.25
Number of edges: 2
500 -1046.25 -160 0 1
580 -1046.25 160 0 1

Platform at 580 -1046.25
Number of edges: 2
540 -1046.25 -160 0 1
620 -1046.25 160 0 1

Platform at 620 -1046.25
Number of edges: 2
580 -1046.25 -160 0 1
660 -1046.25 160 0 1

Platform at 660 -1046.25
Number of edges: 2
620 -1046.25 -160 0 1
700 -1046.25 160 0 1

Platform at 700 -1046.25
Number of edges: 2
660 -1046.25 -160 0 1
740 -1046.25 160 0 1

Platform at 740 -1046.25
Number of edges: 2
700 -1046.25 -160 0 1
780 -1046.25 160 0 1

Platform at 780 -1046.25
Number of edges: 2
740 -1046.25 -160 0 1
820 -1046.25 160 0 1

Platform at 820 -1046.25
Number of edges: 1
780 -1046.25 -160 0 1

Platform at 860 -1046.25
Number of edges: 0

Platform at 900 -1046.25
Number of edges: 1
940 -1046.25 160 0 1

Platform at 940 -1046.25
Number of edges: 2
900 -1046.25 -160 0 1
980 -1046.25 160 0 1

Platform at 980 -1046.25
Number of edges: 2
940 -1046.25 -160 0 1
1020 -1046.25 160 0 1

Platform at 1020 -1046.25
Number of edges: 1
980 -1046.25 -160 0 1

Platform at 1060 -1046.25
Number of edges: 0

Platform at 1100 -1046.25
Number of edges: 1
1140 -1046.25 160 0 1

Platform at 1140 -1046.25
Number of edges: 2
1100 -1046.25 -160 0 1
1180 -1046.25 160 0 1

Platform at 1180 -1046.25
Number of edges: 2
1140 -1046.25 -160 0 1
1220 -1046.25 160 0 1

Platform at 1220 -1046.25
Number of edges: 2
1180 -1046.25 -160 0 1
1260 -1046.25 160 0 1

Platform at 1260 -1046.25
Number of edges: 2
1220 -1046.25 -160 0 1
1300 -1046.25 160 0 1

Platform at 1300 -1046.25
Number of edges: 2
1260 -1046.25 -160 0 1
1340 -1046.25 160 0 1

Platform at 1340 -1046.25
Number of edges: 2
1300 -1046.25 -160 0 1
1380 -1046.25 160 0 1

Platform at 1380 -1046.25
Number of edges: 2
1340 -1046.25 -160 0 1
1420 -1046.25 160 0 1

Platform at 1420 -1046.25
Number of edges: 3
1380 -1046.25 -160 0 1
1500 -978.75 50 0 2
1520 -990 80 0 2

Platform at 1460 -967.5
Number of edges: 3
1320 -945 -250 0 2
1420 -945 -50 0 2
1520 -990 53.3616 -357.332 8

Platform at 1540 -978.75
Number of edges: 0

Platform at 1500 -978.75
Number of edges: 3
1320 -945 -320 0 2
1420 -945 -220 0 2
1460 -967.5 -50 0 2

Platform at 1520 -990
Number of edges: 5
1320 -945 -330 0 2
1420 -945 -220 0 2
1420 -1046.25 -102.942 -349.332 8
1460 -967.5 -110 0 2
1500 -978.75 -50 0 2

Platform at 1540 -1147.5
Number of edges: 1
1500 -1147.5 -160 0 1

Platform at 180 -1147.5
Number of edges: 2
220 -1147.5 160 0 1
140 -1147.5 -160 0 1

Platform at 220 -1147.5
Number of edges: 1
180 -1147.5 -160 0 1

Platform at 260 -1147.5
Number of edges: 0

Platform at 300 -1147.5
Number of edges: 1
340 -1147.5 160 0 1

Platform at 340 -1147.5
Number of edges: 2
300 -1147.5 -160 0 1
380 -1147.5 160 0 1

Platform at 380 -1147.5
Number of edges: 2
340 -1147.5 -160 0 1
420 -1147.5 160 0 1

Platform at 420 -1147.5
Number of edges: 2
380 -1147.5 -160 0 1
460 -1147.5 160 0 1

Platform at 460 -1147.5
Number of edges: 2
420 -1147.5 -160 0 1
500 -1147.5 160 0 1

Platform at 500 -1147.5
Number of edges: 2
460 -1147.5 -160 0 1
540 -1147.5 160 0 1

Platform at 540 -1147.5
Number of edges: 2
500 -1147.5 -160 0 1
580 -1147.5 160 0 1

Platform at 580 -1147.5
Number of edges: 2
540 -1147.5 -160 0 1
620 -1147.5 160 0 1

Platform at 620 -1147.5
Number of edges: 2
580 -1147.5 -160 0 1
660 -1147.5 160 0 1

Platform at 660 -1147.5
Number of edges: 2
620 -1147.5 -160 0 1
700 -1147.5 160 0 1

Platform at 700 -1147.5
Number of edges: 2
660 -1147.5 -160 0 1
740 -1147.5 160 0 1

Platform at 740 -1147.5
Number of edges: 1
700 -1147.5 -160 0 1

Platform at 780 -1147.5
Number of edges: 0

Platform at 820 -1147.5
Number of edges: 1
860 -1147.5 160 0 1

Platform at 860 -1147.5
Number of edges: 2
820 -1147.5 -160 0 1
900 -1147.5 160 0 1

Platform at 900 -1147.5
Number of edges: 2
860 -1147.5 -160 0 1
940 -1147.5 160 0 1

Platform at 940 -1147.5
Number of edges: 2
900 -1147.5 -160 0 1
980 -1147.5 160 0 1

Platform at 980 -1147.5
Number of edges: 2
940 -1147.5 -160 0 1
1020 -1147.5 160 0 1

Platform at 1020 -1147.5
Number of edges: 2
980 -1147.5 -160 0 1
1060 -1147.5 160 0 1

Platform at 1060 -1147.5
Number of edges: 2
1020 -1147.5 -160 0 1
1100 -1147.5 160 0 1

Platform at 1100 -1147.5
Number of edges: 2
1060 -1147.5 -160 0 1
1140 -1147.5 160 0 1

Platform at 1140 -1147.5
Number of edges: 1
1100 -1147.5 -160 0 1

Platform at 1180 -1147.5
Number of edges: 0

Platform at 1220 -1147.5
Number of edges: 1
1260 -1147.5 160 0 1

Platform at 1260 -1147.5
Number of edges: 2
1220 -1147.5 -160 0 1
1300 -1147.5 160 0 1

Platform at 1380 -1147.5
Number of edges: 2
1420 -1147.5 160 0 1
1340 -1147.5 -160 0 1

Platform at 1420 -1147.5
Number of edges: 2
1380 -1147.5 -160 0 1
1460 -1147.5 160 0 1

Platform at 1460 -1147.5
Number of edges: 2
1420 -1147.5 -160 0 1
1500 -1147.5 160 0 1

Platform at 1500 -1147.5
Number of edges: 2
1540 -1147.5 160 0 1
1460 -1147.5 -160 0 1

Platform at 20 -1102.5
Number of edges: 5
60 -1046.25 50 0 2
100 -1046.25 50 0 2
140 -1046.25 130 0 2
180 -1046.25 220 0 2
140 -1147.5 110.202 -367.998 8

Platform at 140 -1147.5
Number of edges: 5
180 -1147.5 160 0 1
20 -1046.25 -100 0 2
60 -1046.25 -50 0 2
100 -1046.25 -50 0 2
20 -1102.5 -140 0 2

Platform at 1060 -1271.25
Number of edges: 4
1100 -1271.25 160 0 1
1020 -1282.5 -50.1622 -253.332 8
940 -1293.75 -105.834 -359.998 8
880 -1305 -158.372 -370.665 8

Platform at 1100 -1271.25
Number of edges: 5
1060 -1271.25 -160 0 1
1140 -1271.25 160 0 1
1020 -1282.5 -70.7157 -349.332 8
940 -1293.75 -139.948 -362.665 8
880 -1305 -193.565 -370.665 8

Platform at 1140 -1271.25
Number of edges: 4
1100 -1271.25 -160 0 1
1180 -1271.25 160 0 1
1020 -1282.5 -105.222 -351.998 8
940 -1293.75 -173.504 -365.332 8

Platform at 1180 -1271.25
Number of edges: 4
1140 -1271.25 -160 0 1
1220 -1271.25 160 0 1
1020 -1282.5 -140.296 -351.998 8
940 -1293.75 -208.205 -365.332 8

Platform at 1220 -1271.25
Number of edges: 3
1180 -1271.25 -160 0 1
1260 -1271.25 160 0 1
1020 -1282.5 -175.37 -351.998 8

Platform at 1260 -1271.25
Number of edges: 4
1220 -1271.25 -160 0 1
1300 -1271.25 160 0 1
1500 -1271.25 210.938 -341.332 8
1020 -1282.5 -210.444 -351.998 8

Platform at 1300 -1271.25
Number of edges: 3
1260 -1271.25 -160 0 1
1340 -1271.25 160 0 1
1500 -1271.25 175.782 -341.332 8

Platform at 1340 -1271.25
Number of edges: 3
1300 -1271.25 -160 0 1
1380 -1271.25 160 0 1
1500 -1271.25 141.733 -338.665 8

Platform at 1380 -1271.25
Number of edges: 3
1340 -1271.25 -160 0 1
1420 -1271.25 160 0 1
1500 -1271.25 106.3 -338.665 8

Platform at 1420 -1271.25
Number of edges: 2
1380 -1271.25 -160 0 1
1500 -1271.25 70.8665 -338.665 8

Platform at 1500 -1271.25
Number of edges: 1
1420 -1271.25 -70.8665 -338.665 8

Platform at 1300 -1147.5
Number of edges: 2
1260 -1147.5 -160 0 1
1340 -1147.5 160 0 1

Platform at 1340 -1147.5
Number of edges: 2
1380 -1147.5 160 0 1
1300 -1147.5 -160 0 1

Platform at 980 -1282.5
Number of edges: 4
1020 -1282.5 160 0 1
940 -1293.75 -50.1622 -253.332 8
880 -1305 -88.1952 -359.998 8
780 -1316.25 -175.968 -370.665 8

Platform at 1020 -1282.5
Number of edges: 6
980 -1282.5 -160 0 1
1060 -1271.25 50 0 2
1100 -1271.25 70 0 2
1140 -1271.25 280 0 2
940 -1293.75 -70.7157 -349.332 8
880 -1305 -122.454 -362.665 8

Platform at 20 -1293.75
Number of edges: 3
60 -1293.75 160 0 1
120 -1305 87.685 -351.998 8
140 -1316.25 105.834 -359.998 8

Platform at 60 -1293.75
Number of edges: 3
20 -1293.75 -160 0 1
120 -1305 53.0367 -349.332 8
140 -1316.25 70.5562 -359.998 8

Platform at 100 -1293.75
Number of edges: 0

Platform at 900 -1293.75
Number of edges: 0

Platform at 940 -1293.75
Number of edges: 4
980 -1282.5 50 0 2
1020 -1282.5 70 0 2
880 -1305 -53.0367 -349.332 8
780 -1316.25 -139.948 -362.665 8

Platform at 120 -1305
Number of edges: 3
20 -1293.75 -180 0 2
60 -1293.75 -50 0 2
100 -1293.75 -50 0 2

Platform at 800 -1305
Number of edges: 0

Platform at 840 -1305
Number of edges: 2
880 -1305 160 0 1
780 -1316.25 -53.0367 -349.332 8

Platform at 880 -1305
Number of edges: 6
840 -1305 -160 0 1
980 -1282.5 320 0 2
1020 -1282.5 320 0 2
900 -1293.75 50 0 2
940 -1293.75 50 0 2
780 -1316.25 -88.3946 -349.332 8

Platform at 140 -1316.25
Number of edges: 5
20 -1293.75 -200 0 2
60 -1293.75 -110 0 2
100 -1293.75 -110 0 2
120 -1305 -50 0 2
180 -1316.25 160 0 1

Platform at 180 -1316.25
Number of edges: 2
140 -1316.25 -160 0 1
220 -1316.25 160 0 1

Platform at 220 -1316.25
Number of edges: 2
180 -1316.25 -160 0 1
260 -1316.25 160 0 1

Platform at 260 -1316.25
Number of edges: 2
220 -1316.25 -160 0 1
300 -1316.25 160 0 1

Platform at 300 -1316.25
Number of edges: 1
260 -1316.25 -160 0 1

Platform at 340 -1316.25
Number of edges: 0

Platform at 380 -1316.25
Number of edges: 2
420 -1316.25 160 0 1
480 -1462.5 88.1154 -469.331 8

Platform at 420 -1316.25
Number of edges: 2
380 -1316.25 -160 0 1
320 -1462.5 -88.1154 -469.331 8

Platform at 460 -1316.25
Number of edges: 0

Platform at 500 -1316.25
Number of edges: 1
540 -1316.25 160 0 1

Platform at 540 -1316.25
Number of edges: 2
500 -1316.25 -160 0 1
580 -1316.25 160 0 1

Platform at 580 -1316.25
Number of edges: 2
540 -1316.25 -160 0 1
620 -1316.25 160 0 1

Platform at 620 -1316.25
Number of edges: 2
580 -1316.25 -160 0 1
660 -1316.25 160 0 1

Platform at 660 -1316.25
Number of edges: 2
620 -1316.25 -160 0 1
700 -1316.25 160 0 1

Platform at 700 -1316.25
Number of edges: 2
660 -1316.25 -160 0 1
740 -1316.25 160 0 1

Platform at 740 -1316.25
Number of edges: 2
700 -1316.25 -160 0 1
780 -1316.25 160 0 1

Platform at 780 -1316.25
Number of edges: 4
740 -1316.25 -160 0 1
800 -1305 50 0 2
840 -1305 50 0 2
880 -1305 180 0 2

Platform at 60 -213.75
Number of edges: 5
20 -213.75 -160 0 1
160 -101.25 70 0 2
200 -101.25 130 0 2
240 -101.25 200 0 2
180 -292.5 106.468 -407.998 8

Platform at 0 -1462.5
Number of edges: 1
40 -1462.5 160 0 1

Platform at 40 -1462.5
Number of edges: 2
0 -1462.5 -160 0 1
80 -1462.5 160 0 1

Platform at 80 -1462.5
Number of edges: 2
40 -1462.5 -160 0 1
120 -1462.5 160 0 1

Platform at 120 -1462.5
Number of edges: 2
80 -1462.5 -160 0 1
160 -1462.5 160 0 1

Platform at 160 -1462.5
Number of edges: 2
120 -1462.5 -160 0 1
200 -1462.5 160 0 1

Platform at 200 -1462.5
Number of edges: 2
160 -1462.5 -160 0 1
240 -1462.5 160 0 1

Platform at 240 -1462.5
Number of edges: 3
200 -1462.5 -160 0 1
280 -1462.5 160 0 1
480 -1462.5 210.938 -341.332 8

Platform at 280 -1462.5
Number of edges: 3
240 -1462.5 -160 0 1
320 -1462.5 160 0 1
480 -1462.5 175.782 -341.332 8

Platform at 320 -1462.5
Number of edges: 4
280 -1462.5 -160 0 1
380 -1316.25 50 0 2
420 -1316.25 60 0 2
480 -1462.5 141.733 -338.665 8

Platform at 480 -1462.5
Number of edges: 4
380 -1316.25 -80 0 2
420 -1316.25 -80 0 2
320 -1462.5 -141.733 -338.665 8
520 -1462.5 160 0 1

Platform at 520 -1462.5
Number of edges: 3
480 -1462.5 -160 0 1
320 -1462.5 -175.782 -341.332 8
560 -1462.5 160 0 1

Platform at 560 -1462.5
Number of edges: 3
520 -1462.5 -160 0 1
320 -1462.5 -210.938 -341.332 8
600 -1462.5 160 0 1

Platform at 600 -1462.5
Number of edges: 2
560 -1462.5 -160 0 1
640 -1462.5 160 0 1

Platform at 640 -1462.5
Number of edges: 2
600 -1462.5 -160 0 1
680 -1462.5 160 0 1

Platform at 680 -1462.5
Number of edges: 2
640 -1462.5 -160 0 1
720 -1462.5 160 0 1

Platform at 720 -1462.5
Number of edges: 2
680 -1462.5 -160 0 1
760 -1462.5 160 0 1

Platform at 760 -1462.5
Number of edges: 2
720 -1462.5 -160 0 1
800 -1462.5 160 0 1

Platform at 800 -1462.5
Number of edges: 2
760 -1462.5 -160 0 1
840 -1462.5 160 0 1

Platform at 840 -1462.5
Number of edges: 2
800 -1462.5 -160 0 1
880 -1462.5 160 0 1

Platform at 880 -1462.5
Number of edges: 2
840 -1462.5 -160 0 1
920 -1462.5 160 0 1

Platform at 920 -1462.5
Number of edges: 2
880 -1462.5 -160 0 1
960 -1462.5 160 0 1

Platform at 960 -1462.5
Number of edges: 2
920 -1462.5 -160 0 1
1000 -1462.5 160 0 1

Platform at 1000 -1462.5
Number of edges: 2
960 -1462.5 -160 0 1
1040 -1462.5 160 0 1

Platform at 1040 -1462.5
Number of edges: 2
1000 -1462.5 -160 0 1
1080 -1462.5 160 0 1

Platform at 1080 -1462.5
Number of edges: 2
1040 -1462.5 -160 0 1
1120 -1462.5 160 0 1

Platform at 1120 -1462.5
Number of edges: 2
1080 -1462.5 -160 0 1
1160 -1462.5 160 0 1

Platform at 1160 -1462.5
Number of edges: 2
1120 -1462.5 -160 0 1
1200 -1462.5 160 0 1

Platform at 1200 -1462.5
Number of edges: 2
1160 -1462.5 -160 0 1
1240 -1462.5 160 0 1

Platform at 1240 -1462.5
Number of edges: 2
1200 -1462.5 -160 0 1
1280 -1462.5 160 0 1

Platform at 1280 -1462.5
Number of edges: 2
1240 -1462.5 -160 0 1
1320 -1462.5 160 0 1

Platform at 1320 -1462.5
Number of edges: 2
1280 -1462.5 -160 0 1
1360 -1462.5 160 0 1

Platform at 1360 -1462.5
Number of edges: 2
1320 -1462.5 -160 0 1
1400 -1462.5 160 0 1

Platform at 1400 -1462.5
Number of edges: 2
1360 -1462.5 -160 0 1
1440 -1462.5 160 0 1

Platform at 1440 -1462.5
Number of edges: 2
1400 -1462.5 -160 0 1
1480 -1462.5 160 0 1

Platform at 1480 -1462.5
Number of edges: 2
1440 -1462.5 -160 0 1
1520 -1462.5 160 0 1

Platform at 1520 -1462.5
Number of edges: 2
1480 -1462.5 -160 0 1
1560 -1462.5 160 0 1

Platform at 1560 -1462.5
Number of edges: 1
1520 -1462.5 -160 0 1

Platform at 800 438.75
Number of edges: 2
880 450 60 0 2
920 450 280 0 2

Platform at 480 888.75
Number of edges: 3
520 888.75 160 0 1
280 888.75 -229.593 -261.332 8
440 888.75 -160 0 1

Platform at 440 888.75
Number of edges: 2
480 888.75 160 0 1
280 888.75 -183.674 -261.332 8

Platform at 160 888.75
Number of edges: 6
120 888.75 -160 0 1
240 877.5 264.175 -127.999 8
80 866.25 -103.327 -261.332 8
40 855 -263.781 -210.665 8
20 832.5 -270.224 -263.999 8
200 888.75 160 0 1

Platform at 200 888.75
Number of edges: 3
160 888.75 -160 0 1
80 866.25 -154.991 -261.332 8
40 855 -306.257 -221.332 8

Platform at 620 776.25
Number of edges: 2
580 776.25 -160 0 1
680 776.25 160 0 1

