Platform at 0 888.75
Number of edges: 0

Platform at 40 888.75
Number of edges: 2
80 888.75 100 0 1
240 888.75 227.846 -263.336 8

Platform at 80 888.75
Number of edges: 3
40 888.75 -100 0 1
120 888.75 100 0 1
240 888.75 189.472 -253.336 8

Platform at 120 888.75
Number of edges: 2
80 888.75 -100 0 1
240 888.75 142.104 -253.336 8

Platform at 240 888.75
Number of edges: 2
120 888.75 -142.104 -253.336 8
280 888.75 100 0 1

Platform at 280 888.75
Number of edges: 3
240 888.75 -100 0 1
120 888.75 -287.996 -166.669 8
320 888.75 100 0 1

Platform at 320 888.75
Number of edges: 2
280 888.75 -100 0 1
360 888.75 100 0 1

Platform at 360 888.75
Number of edges: 3
320 888.75 -100 0 1
400 888.75 100 0 1
520 888.75 287.996 -166.669 8

Platform at 400 888.75
Number of edges: 5
360 888.75 -100 0 1
520 888.75 103.845 -346.669 8
340 832.5 -52.2758 -393.336 8
580 832.5 155.08 -396.669 8
240 787.5 -138.972 -433.336 8

Platform at 520 888.75
Number of edges: 4
400 888.75 -103.845 -346.669 8
560 888.75 100 0 1
340 832.5 -155.08 -396.669 8
580 832.5 52.2758 -393.336 8

Platform at 560 888.75
Number of edges: 3
520 888.75 -100 0 1
400 888.75 -287.996 -166.669 8
600 888.75 100 0 1

Platform at 600 888.75
Number of edges: 2
560 888.75 -100 0 1
640 888.75 100 0 1

Platform at 640 888.75
Number of edges: 2
600 888.75 -100 0 1
680 888.75 100 0 1

Platform at 680 888.75
Number of edges: 2
640 888.75 -100 0 1
720 888.75 100 0 1

Platform at 720 888.75
Number of edges: 2
680 888.75 -100 0 1
760 888.75 100 0 1

Platform at 760 888.75
Number of edges: 2
720 888.75 -100 0 1
800 888.75 100 0 1

Platform at 800 888.75
Number of edges: 2
760 888.75 -100 0 1
840 888.75 100 0 1

Platform at 840 888.75
Number of edges: 2
800 888.75 -100 0 1
880 888.75 100 0 1

Platform at 880 888.75
Number of edges: 2
840 888.75 -100 0 1
920 888.75 100 0 1

Platform at 920 888.75
Number of edges: 2
880 888.75 -100 0 1
960 888.75 100 0 1

Platform at 960 888.75
Number of edges: 2
920 888.75 -100 0 1
1000 888.75 100 0 1

Platform at 1000 888.75
Number of edges: 2
960 888.75 -100 0 1
1040 888.75 100 0 1

Platform at 1040 888.75
Number of edges: 2
1000 888.75 -100 0 1
1080 888.75 100 0 1

Platform at 1080 888.75
Number of edges: 2
1040 888.75 -100 0 1
1120 888.75 100 0 1

Platform at 1120 888.75
Number of edges: 3
1080 888.75 -100 0 1
1160 888.75 100 0 1
1060 753.75 -56.2189 -446.669 8

Platform at 1160 888.75
Number of edges: 2
1120 888.75 -100 0 1
1200 888.75 100 0 1

Platform at 1200 888.75
Number of edges: 2
1160 888.75 -100 0 1
1240 888.75 100 0 1

Platform at 1240 888.75
Number of edges: 2
1200 888.75 -100 0 1
1280 888.75 100 0 1

Platform at 1280 888.75
Number of edges: 3
1240 888.75 -100 0 1
1320 888.75 100 0 1
1180 708.75 -87.6678 -500.003 8

Platform at 1320 888.75
Number of edges: 3
1280 888.75 -100 0 1
1360 888.75 100 0 1
1180 708.75 -120.587 -503.336 8

Platform at 1360 888.75
Number of edges: 2
1320 888.75 -100 0 1
1400 888.75 100 0 1

Platform at 1400 888.75
Number of edges: 2
1360 888.75 -100 0 1
1440 888.75 100 0 1

Platform at 1440 888.75
Number of edges: 2
1400 888.75 -100 0 1
1480 888.75 100 0 1

Platform at 1480 888.75
Number of edges: 2
1440 888.75 -100 0 1
1520 888.75 100 0 1

Platform at 1520 888.75
Number of edges: 1
1480 888.75 -100 0 1

Platform at 1560 888.75
Number of edges: 0

Platform at 0 -1282.5
Number of edges: 1
40 -1282.5 100 0 1

Platform at 40 -1282.5
Number of edges: 2
0 -1282.5 -100 0 1
80 -1282.5 100 0 1

Platform at 80 -1282.5
Number of edges: 2
40 -1282.5 -100 0 1
120 -1282.5 100 0 1

Platform at 120 -1282.5
Number of edges: 2
80 -1282.5 -100 0 1
160 -1282.5 100 0 1

Platform at 160 -1282.5
Number of edges: 2
120 -1282.5 -100 0 1
200 -1282.5 100 0 1

Platform at 200 -1282.5
Number of edges: 2
160 -1282.5 -100 0 1
240 -1282.5 100 0 1

Platform at 240 -1282.5
Number of edges: 3
200 -1282.5 -100 0 1
280 -1282.5 100 0 1
480 -1282.5 207.691 -346.669 8

Platform at 280 -1282.5
Number of edges: 3
240 -1282.5 -100 0 1
320 -1282.5 100 0 1
480 -1282.5 173.076 -346.669 8

Platform at 320 -1282.5
Number of edges: 4
280 -1282.5 -100 0 1
480 -1282.5 138.461 -346.669 8
480 -1136.25 220 0 2
400 -1237.5 20 0 2

Platform at 480 -1282.5
Number of edges: 4
320 -1282.5 -138.461 -346.669 8
520 -1282.5 100 0 1
320 -1181.25 -220 0 2
400 -1237.5 -20 0 2

Platform at 520 -1282.5
Number of edges: 3
480 -1282.5 -100 0 1
320 -1282.5 -173.076 -346.669 8
560 -1282.5 100 0 1

Platform at 560 -1282.5
Number of edges: 3
520 -1282.5 -100 0 1
320 -1282.5 -207.691 -346.669 8
600 -1282.5 100 0 1

Platform at 600 -1282.5
Number of edges: 2
560 -1282.5 -100 0 1
640 -1282.5 100 0 1

Platform at 640 -1282.5
Number of edges: 2
600 -1282.5 -100 0 1
680 -1282.5 100 0 1

Platform at 680 -1282.5
Number of edges: 2
640 -1282.5 -100 0 1
720 -1282.5 100 0 1

Platform at 720 -1282.5
Number of edges: 2
680 -1282.5 -100 0 1
760 -1282.5 100 0 1

Platform at 760 -1282.5
Number of edges: 2
720 -1282.5 -100 0 1
800 -1282.5 100 0 1

Platform at 800 -1282.5
Number of edges: 2
760 -1282.5 -100 0 1
840 -1282.5 100 0 1

Platform at 840 -1282.5
Number of edges: 2
800 -1282.5 -100 0 1
880 -1282.5 100 0 1

Platform at 880 -1282.5
Number of edges: 2
840 -1282.5 -100 0 1
920 -1282.5 100 0 1

Platform at 920 -1282.5
Number of edges: 2
880 -1282.5 -100 0 1
960 -1282.5 100 0 1

Platform at 960 -1282.5
Number of edges: 2
920 -1282.5 -100 0 1
1000 -1282.5 100 0 1

Platform at 1000 -1282.5
Number of edges: 2
960 -1282.5 -100 0 1
1040 -1282.5 100 0 1

Platform at 1040 -1282.5
Number of edges: 2
1000 -1282.5 -100 0 1
1080 -1282.5 100 0 1

Platform at 1080 -1282.5
Number of edges: 2
1040 -1282.5 -100 0 1
1120 -1282.5 100 0 1

Platform at 1120 -1282.5
Number of edges: 2
1080 -1282.5 -100 0 1
1160 -1282.5 100 0 1

Platform at 1160 -1282.5
Number of edges: 2
1120 -1282.5 -100 0 1
1200 -1282.5 100 0 1

Platform at 1200 -1282.5
Number of edges: 2
1160 -1282.5 -100 0 1
1240 -1282.5 100 0 1

Platform at 1240 -1282.5
Number of edges: 2
1200 -1282.5 -100 0 1
1280 -1282.5 100 0 1

Platform at 1280 -1282.5
Number of edges: 2
1240 -1282.5 -100 0 1
1320 -1282.5 100 0 1

Platform at 1320 -1282.5
Number of edges: 2
1280 -1282.5 -100 0 1
1360 -1282.5 100 0 1

Platform at 1360 -1282.5
Number of edges: 2
1320 -1282.5 -100 0 1
1400 -1282.5 100 0 1

Platform at 1400 -1282.5
Number of edges: 2
1360 -1282.5 -100 0 1
1440 -1282.5 100 0 1

Platform at 1440 -1282.5
Number of edges: 2
1400 -1282.5 -100 0 1
1480 -1282.5 100 0 1

Platform at 1480 -1282.5
Number of edges: 2
1440 -1282.5 -100 0 1
1520 -1282.5 100 0 1

Platform at 1520 -1282.5
Number of edges: 2
1480 -1282.5 -100 0 1
1560 -1282.5 100 0 1

Platform at 1560 -1282.5
Number of edges: 1
1520 -1282.5 -100 0 1

Platform at 300 832.5
Number of edges: 4
340 832.5 100 0 1
240 787.5 -52.3098 -383.336 8
140 742.5 -139.091 -423.336 8
120 675 -163.501 -473.336 8

Platform at 340 832.5
Number of edges: 7
300 832.5 -100 0 1
360 888.75 20 0 2
400 888.75 20 0 2
520 888.75 240 0 2
580 832.5 207.691 -346.669 8
240 787.5 -87.1831 -383.336 8
140 742.5 -171.727 -426.669 8

Platform at 580 832.5
Number of edges: 6
400 888.75 -240 0 2
520 888.75 -20 0 2
560 888.75 -20 0 2
340 832.5 -207.691 -346.669 8
620 832.5 100 0 1
820 810 203.227 -373.336 8

Platform at 620 832.5
Number of edges: 3
580 832.5 -100 0 1
660 832.5 100 0 1
820 810 172.796 -366.669 8

Platform at 660 832.5
Number of edges: 3
620 832.5 -100 0 1
700 832.5 100 0 1
820 810 139.658 -363.336 8

Platform at 700 832.5
Number of edges: 3
660 832.5 -100 0 1
740 832.5 100 0 1
820 810 104.744 -363.336 8

Platform at 740 832.5
Number of edges: 2
700 832.5 -100 0 1
820 810 69.8291 -363.336 8

Platform at 820 810
Number of edges: 4
700 832.5 -170 0 2
740 832.5 -20 0 2
860 810 100 0 1
980 787.5 139.658 -363.336 8

Platform at 860 810
Number of edges: 4
820 810 -100 0 1
900 810 100 0 1
980 787.5 104.744 -363.336 8
1060 753.75 172.311 -396.669 8

Platform at 900 810
Number of edges: 4
860 810 -100 0 1
980 787.5 69.8291 -363.336 8
1060 753.75 137.849 -396.669 8
1080 675 168.657 -446.669 8

Platform at 980 787.5
Number of edges: 6
1000 888.75 20 0 2
1040 888.75 20 0 2
860 810 -170 0 2
900 810 -20 0 2
1060 753.75 69.789 -373.336 8
1080 675 99.5573 -413.336 8

Platform at 1060 753.75
Number of edges: 6
1080 888.75 20 0 2
1120 888.75 20 0 2
1160 888.75 50 0 2
860 810 -290 0 2
900 810 -250 0 2
980 787.5 -20 0 2

Platform at 1140 708.75
Number of edges: 2
1180 708.75 100 0 1
1080 675 -84.7804 -260.002 8

Platform at 1180 708.75
Number of edges: 6
1140 708.75 -100 0 1
1200 888.75 20 0 2
1240 888.75 20 0 2
1280 888.75 50 0 2
1320 888.75 100 0 2
1080 675 -181.285 -226.669 8

Platform at 1080 675
Number of edges: 7
900 810 -180 0 2
980 787.5 -50 0 2
1060 753.75 -20 0 2
1140 708.75 20 0 2
1180 708.75 80 0 2
1160 618.75 133.981 -273.336 8
1240 573.75 184.819 -376.669 8

Platform at 1160 618.75
Number of edges: 5
1180 708.75 20 0 2
1080 675 -20 0 2
1060 596.25 -87.2863 -363.336 8
980 596.25 -157.115 -363.336 8
1240 573.75 69.7465 -383.336 8

Platform at 1060 596.25
Number of edges: 5
1140 708.75 50 0 2
1080 675 20 0 2
1160 618.75 90 0 2
980 596.25 -69.9024 -343.336 8
1240 573.75 157.115 -363.336 8

Platform at 980 596.25
Number of edges: 2
1060 596.25 104.347 -230.002 8
940 596.25 -100 0 1

Platform at 900 596.25
Number of edges: 2
1060 596.25 248.273 -193.336 8
940 596.25 100 0 1

Platform at 940 596.25
Number of edges: 3
980 596.25 100 0 1
900 596.25 -100 0 1
1060 596.25 186.205 -193.336 8

Platform at 980 292.5
Number of edges: 3
1020 292.5 100 0 1
1160 247.5 253.033 -276.669 8
860 135 -131.099 -446.669 8

Platform at 1020 292.5
Number of edges: 3
980 292.5 -100 0 1
1060 292.5 100 0 1
1160 247.5 196.804 -276.669 8

Platform at 1060 292.5
Number of edges: 3
1020 292.5 -100 0 1
1100 292.5 100 0 1
1160 247.5 140.574 -276.669 8

Platform at 1100 292.5
Number of edges: 2
1060 292.5 -100 0 1
1160 247.5 84.3445 -276.669 8

Platform at 1160 247.5
Number of edges: 5
980 292.5 -280 0 2
1020 292.5 -180 0 2
1060 292.5 -70 0 2
1100 292.5 -20 0 2
1200 247.5 100 0 1

Platform at 1200 247.5
Number of edges: 3
1160 247.5 -100 0 1
1260 213.75 52.3418 -373.336 8
1300 56.25 87.5989 -510.003 8

Platform at 1260 213.75
Number of edges: 5
1160 247.5 -110 0 2
1200 247.5 -110 0 2
1300 213.75 100 0 1
1160 180 -21.5099 -306.669 8
1060 135 -81.9345 -416.669 8

Platform at 1300 213.75
Number of edges: 2
1260 213.75 -100 0 1
1160 180 -212.131 -373.336 8

Platform at 1160 180
Number of edges: 7
1160 247.5 -70 0 2
1200 247.5 -70 0 2
1260 213.75 80 0 2
1300 213.75 200 0 2
1120 180 -100 0 1
1060 135 -21.1099 -320.002 8
1300 56.25 211.368 -453.336 8

Platform at 1120 180
Number of edges: 3
1160 180 100 0 1
1060 135 -142.31 -383.336 8
1300 56.25 66.0442 -453.336 8

Platform at 1060 135
Number of edges: 5
1260 213.75 270 0 2
1160 180 110 0 2
1120 180 110 0 2
1020 135 -100 0 1
860 135 -263.076 -346.669 8

Platform at 980 135
Number of edges: 2
1020 135 100 0 1
860 135 -193.845 -346.669 8

Platform at 1020 135
Number of edges: 3
1060 135 100 0 1
980 135 -100 0 1
860 135 -228.461 -346.669 8

Platform at 860 135
Number of edges: 4
980 292.5 80 0 2
980 135 103.845 -346.669 8
820 135 -100 0 1
700 90 -139.493 -383.336 8

Platform at 780 135
Number of edges: 3
980 135 173.076 -346.669 8
820 135 100 0 1
700 90 -69.7465 -383.336 8

Platform at 820 135
Number of edges: 4
860 135 100 0 1
780 135 -100 0 1
980 135 138.461 -346.669 8
700 90 -104.62 -383.336 8

Platform at 1240 573.75
Number of edges: 3
1080 675 -220 0 2
1160 618.75 -20 0 2
1280 573.75 100 0 1

Platform at 1280 573.75
Number of edges: 1
1240 573.75 -100 0 1

Platform at 1380 540
Number of edges: 1
1420 540 100 0 1

Platform at 1420 540
Number of edges: 2
1380 540 -100 0 1
1460 540 100 0 1

Platform at 1460 540
Number of edges: 1
1420 540 -100 0 1

Platform at 1460 56.25
Number of edges: 2
1420 56.25 -100 0 1
1340 56.25 -103.845 -346.669 8

Platform at 1420 56.25
Number of edges: 3
1460 56.25 100 0 1
1340 56.25 -69.9024 -343.336 8
1220 -45 -204.778 -396.669 8

Platform at 1340 56.25
Number of edges: 1
1220 -45 -104.229 -33.3357 8

Platform at 1300 56.25
Number of edges: 2
1220 -45 -69.4862 -33.3357 8
1380 -101.25 70.2291 -80.0023 8

Platform at 1220 -45
Number of edges: 6
1420 56.25 230 0 2
1340 56.25 90 0 2
1300 56.25 20 0 2
1180 -45 -100 0 1
1380 -101.25 137.849 -396.669 8
1020 -101.25 -172.311 -396.669 8

Platform at 1060 -45
Number of edges: 3
980 135 -20 0 2
1020 135 -20 0 2
1100 -45 100 0 1

Platform at 1100 -45
Number of edges: 4
1060 -45 -100 0 1
1140 -45 100 0 1
1020 -101.25 -69.7011 -393.336 8
900 -146.25 -173.715 -433.336 8

Platform at 1140 -45
Number of edges: 3
1100 -45 -100 0 1
1180 -45 100 0 1
1020 -101.25 -103.387 -396.669 8

Platform at 1180 -45
Number of edges: 4
1220 -45 100 0 1
1140 -45 -100 0 1
1380 -101.25 172.311 -396.669 8
1020 -101.25 -137.849 -396.669 8

Platform at 1380 -101.25
Number of edges: 5
1340 56.25 -20 0 2
1300 56.25 -20 0 2
1220 -45 -200 0 2
1180 -45 -290 0 2
1420 -101.25 100 0 1

Platform at 1420 -101.25
Number of edges: 2
1380 -101.25 -100 0 1
1460 -101.25 100 0 1

Platform at 1460 -101.25
Number of edges: 2
1420 -101.25 -100 0 1
1500 -101.25 100 0 1

Platform at 1500 -101.25
Number of edges: 2
1460 -101.25 -100 0 1
1540 -101.25 100 0 1

Platform at 1540 -101.25
Number of edges: 1
1500 -101.25 -100 0 1

Platform at 700 90
Number of edges: 4
860 135 230 0 2
780 135 20 0 2
820 135 120 0 2
540 22.5 -137.703 -406.669 8

Platform at 240 787.5
Number of edges: 6
400 888.75 270 0 2
300 832.5 20 0 2
340 832.5 70 0 2
200 787.5 -100 0 1
140 742.5 -87.1831 -383.336 8
120 675 -119.469 -413.336 8

Platform at 200 787.5
Number of edges: 3
240 787.5 100 0 1
140 742.5 -52.3098 -383.336 8
120 675 -79.6458 -413.336 8

Platform at 140 742.5
Number of edges: 5
300 832.5 270 0 2
340 832.5 270 0 2
240 787.5 70 0 2
200 787.5 20 0 2
100 742.5 -100 0 1

Platform at 60 742.5
Number of edges: 3
100 742.5 100 0 1
120 675 52.2396 -403.336 8
180 596.25 119.674 -446.669 8

Platform at 100 742.5
Number of edges: 2
140 742.5 100 0 1
60 742.5 -100 0 1

Platform at 20 686.25
Number of edges: 4
60 742.5 20 0 2
100 742.5 20 0 2
120 675 87.3335 -353.336 8
180 596.25 185.222 -363.336 8

Platform at 120 675
Number of edges: 3
60 742.5 -20 0 2
100 742.5 -20 0 2
20 686.25 -50 0 2

Platform at 180 596.25
Number of edges: 4
60 742.5 -130 0 2
20 686.25 -160 0 2
120 675 -20 0 2
220 596.25 100 0 1

Platform at 220 596.25
Number of edges: 2
180 596.25 -100 0 1
240 787.5 20 0 2

Platform at 320 303.75
Number of edges: 2
460 146.25 122.901 -80.0023 8
140 168.75 -153.661 -66.669 8

Platform at 360 303.75
Number of edges: 1
460 146.25 87.7863 -80.0023 8

Platform at 400 303.75
Number of edges: 1
460 146.25 52.6718 -80.0023 8

Platform at 460 146.25
Number of edges: 0

Platform at 140 168.75
Number of edges: 2
320 303.75 190 0 2
100 168.75 -100 0 1

Platform at 20 168.75
Number of edges: 1
60 168.75 100 0 1

Platform at 60 168.75
Number of edges: 2
20 168.75 -100 0 1
100 168.75 100 0 1

Platform at 100 168.75
Number of edges: 2
140 168.75 100 0 1
60 168.75 -100 0 1

Platform at 540 22.5
Number of edges: 2
700 90 250 0 2
660 -180 105.026 -520.003 8

Platform at 280 -11.25
Number of edges: 1
240 -11.25 -100 0 1

Platform at 40 -11.25
Number of edges: 1
80 -11.25 100 0 1

Platform at 80 -11.25
Number of edges: 2
40 -11.25 -100 0 1
120 -11.25 100 0 1

Platform at 120 -11.25
Number of edges: 2
80 -11.25 -100 0 1
160 -11.25 100 0 1

Platform at 160 -11.25
Number of edges: 2
120 -11.25 -100 0 1
200 -11.25 100 0 1

Platform at 200 -11.25
Number of edges: 2
160 -11.25 -100 0 1
240 -11.25 100 0 1

Platform at 240 -11.25
Number of edges: 2
280 -11.25 100 0 1
200 -11.25 -100 0 1

Platform at 80 -78.75
Number of edges: 3
40 -11.25 -20 0 2
120 -78.75 100 0 1
200 -112.5 104.684 -373.336 8

Platform at 120 -78.75
Number of edges: 4
80 -78.75 -100 0 1
160 -11.25 20 0 2
200 -11.25 20 0 2
200 -112.5 69.789 -373.336 8

Platform at 200 -112.5
Number of edges: 5
280 -11.25 20 0 2
240 -11.25 20 0 2
80 -78.75 -140 0 2
120 -78.75 -20 0 2
360 -180 137.703 -406.669 8

Platform at 360 -180
Number of edges: 3
200 -112.5 -250 0 2
400 -180 100 0 1
460 -225 87.1831 -383.336 8

Platform at 400 -180
Number of edges: 3
360 -180 -100 0 1
460 -225 52.3098 -383.336 8
600 -270 183.161 -410.003 8

Platform at 1020 -101.25
Number of edges: 7
1220 -45 290 0 2
1060 -45 20 0 2
1100 -45 20 0 2
1140 -45 110 0 2
1180 -45 200 0 2
980 -101.25 -100 0 1
900 -146.25 -104.62 -383.336 8

Platform at 940 -101.25
Number of edges: 1
980 -101.25 100 0 1

Platform at 980 -101.25
Number of edges: 4
1020 -101.25 100 0 1
940 -101.25 -100 0 1
900 -146.25 -69.7465 -383.336 8
780 -180 -171.934 -416.669 8

Platform at 900 -146.25
Number of edges: 5
1020 -101.25 120 0 2
940 -101.25 20 0 2
980 -101.25 20 0 2
860 -146.25 -100 0 1
780 -180 -104.684 -373.336 8

Platform at 860 -146.25
Number of edges: 3
900 -146.25 100 0 1
780 -180 -69.789 -373.336 8
660 -180 -170.857 -380.003 8

Platform at 780 -180
Number of edges: 3
900 -146.25 140 0 2
860 -146.25 20 0 2
660 -180 -111.339 -323.336 8

Platform at 660 -180
Number of edges: 2
540 22.5 -70 0 2
780 -180 114.893 -313.336 8

Platform at 460 -225
Number of edges: 5
360 -180 -70 0 2
400 -180 -20 0 2
500 -225 100 0 1
600 -270 153.24 -323.336 8
580 -360 103.917 -463.336 8

Platform at 500 -225
Number of edges: 4
460 -225 -100 0 1
540 -225 100 0 1
600 -270 109.457 -323.336 8
580 -360 70.3071 -460.003 8

Platform at 540 -225
Number of edges: 3
500 -225 -100 0 1
600 -270 65.6742 -323.336 8
440 -405 -87.6678 -500.003 8

Platform at 600 -270
Number of edges: 4
460 -225 -180 0 2
500 -225 -70 0 2
540 -225 -20 0 2
640 -270 100 0 1

Platform at 640 -270
Number of edges: 2
600 -270 -100 0 1
700 -315 90.5699 -266.669 8

Platform at 700 -315
Number of edges: 2
640 -270 -20 0 2
620 -360 -69.7465 -383.336 8

Platform at 860 -315
Number of edges: 2
900 -315 100 0 1
1000 -360 122.056 -383.336 8

Platform at 900 -315
Number of edges: 3
860 -315 -100 0 1
940 -315 100 0 1
1000 -360 87.1831 -383.336 8

Platform at 940 -315
Number of edges: 2
900 -315 -100 0 1
1000 -360 52.3098 -383.336 8

Platform at 1000 -360
Number of edges: 5
860 -315 -180 0 2
900 -315 -70 0 2
940 -315 -20 0 2
1040 -360 100 0 1
1160 -393.75 235.748 -253.336 8

Platform at 1040 -360
Number of edges: 3
1000 -360 -100 0 1
1080 -360 100 0 1
1160 -393.75 176.811 -253.336 8

Platform at 1080 -360
Number of edges: 2
1040 -360 -100 0 1
1160 -393.75 117.874 -253.336 8

Platform at 1160 -393.75
Number of edges: 4
1000 -360 -260 0 2
1040 -360 -140 0 2
1080 -360 -20 0 2
1200 -393.75 100 0 1

Platform at 1200 -393.75
Number of edges: 1
1160 -393.75 -100 0 1

Platform at 1220 -978.75
Number of edges: 1
1180 -978.75 -100 0 1

Platform at 940 -978.75
Number of edges: 2
980 -978.75 100 0 1
820 -978.75 -103.845 -346.669 8

Platform at 980 -978.75
Number of edges: 3
940 -978.75 -100 0 1
1020 -978.75 100 0 1
820 -978.75 -138.461 -346.669 8

Platform at 1020 -978.75
Number of edges: 3
980 -978.75 -100 0 1
1060 -978.75 100 0 1
820 -978.75 -173.076 -346.669 8

Platform at 1060 -978.75
Number of edges: 3
1020 -978.75 -100 0 1
1100 -978.75 100 0 1
820 -978.75 -207.691 -346.669 8

Platform at 1100 -978.75
Number of edges: 2
1060 -978.75 -100 0 1
1140 -978.75 100 0 1

Platform at 1140 -978.75
Number of edges: 2
1100 -978.75 -100 0 1
1180 -978.75 100 0 1

Platform at 1180 -978.75
Number of edges: 2
1220 -978.75 100 0 1
1140 -978.75 -100 0 1

Platform at 620 -360
Number of edges: 4
700 -315 20 0 2
580 -360 -100 0 1
440 -405 -156.93 -383.336 8
480 -528.75 -122.822 -490.003 8

Platform at 580 -360
Number of edges: 6
620 -360 100 0 1
460 -225 -80 0 2
500 -225 -20 0 2
540 -225 -20 0 2
440 -405 -123.408 -380.003 8
480 -528.75 -87.7299 -490.003 8

Platform at 440 -405
Number of edges: 6
460 -225 20 0 2
500 -225 20 0 2
540 -225 50 0 2
620 -360 280 0 2
580 -360 170 0 2
400 -405 -100 0 1

Platform at 400 -405
Number of edges: 2
440 -405 100 0 1
340 -450 -90.5699 -266.669 8

Platform at 340 -450
Number of edges: 4
400 -405 20 0 2
420 -495 112.459 -276.669 8
400 -562.5 52.7796 -440.003 8
280 -562.5 -52.7796 -440.003 8

Platform at 420 -495
Number of edges: 1
340 -450 -20 0 2

Platform at 480 -528.75
Number of edges: 5
620 -360 100 0 2
580 -360 50 0 2
420 -495 -20 0 2
400 -562.5 -69.789 -373.336 8
280 -562.5 -170.857 -380.003 8

Platform at 400 -562.5
Number of edges: 4
340 -450 -20 0 2
480 -528.75 20 0 2
280 -562.5 -103.845 -346.669 8
220 -618.75 -155.08 -396.669 8

Platform at 280 -562.5
Number of edges: 5
400 -405 110 0 2
340 -450 20 0 2
400 -562.5 103.845 -346.669 8
220 -618.75 -52.2758 -393.336 8
160 -652.5 -104.318 -423.336 8

Platform at 220 -618.75
Number of edges: 4
340 -450 150 0 2
400 -562.5 240 0 2
280 -562.5 20 0 2
160 -652.5 -54.0665 -363.336 8

Platform at 160 -652.5
Number of edges: 2
280 -562.5 190 0 2
220 -618.75 20 0 2

Platform at 20 -697.5
Number of edges: 3
60 -697.5 100 0 1
120 -742.5 87.1831 -383.336 8
200 -776.25 154.741 -416.669 8

Platform at 60 -697.5
Number of edges: 3
20 -697.5 -100 0 1
120 -742.5 52.3098 -383.336 8
200 -776.25 121.802 -413.336 8

Platform at 120 -742.5
Number of edges: 4
160 -652.5 20 0 2
20 -697.5 -70 0 2
60 -697.5 -20 0 2
200 -776.25 69.789 -373.336 8

Platform at 200 -776.25
Number of edges: 3
20 -697.5 -250 0 2
60 -697.5 -250 0 2
120 -742.5 -20 0 2

Platform at 440 -843.75
Number of edges: 1
480 -843.75 100 0 1

Platform at 480 -843.75
Number of edges: 3
440 -843.75 -100 0 1
400 -888.75 -87.5657 -323.336 8
280 -888.75 -218.914 -323.336 8

Platform at 400 -888.75
Number of edges: 3
440 -843.75 20 0 2
480 -843.75 20 0 2
280 -888.75 -161.192 -223.336 8

Platform at 280 -888.75
Number of edges: 2
400 -888.75 158.822 -226.669 8
240 -888.75 -100 0 1

Platform at 240 -888.75
Number of edges: 5
280 -888.75 100 0 1
200 -776.25 -20 0 2
400 -888.75 214.923 -223.336 8
160 -933.75 -152.125 -243.336 8
60 -978.75 -263.552 -336.669 8

Platform at 820 -978.75
Number of edges: 2
940 -978.75 103.845 -346.669 8
780 -978.75 -100 0 1

Platform at 660 -978.75
Number of edges: 2
700 -978.75 100 0 1
520 -1136.25 -122.901 -480.003 8

Platform at 700 -978.75
Number of edges: 4
660 -978.75 -100 0 1
940 -978.75 207.691 -346.669 8
740 -978.75 100 0 1
520 -1136.25 -158.015 -480.003 8

Platform at 740 -978.75
Number of edges: 3
700 -978.75 -100 0 1
940 -978.75 173.076 -346.669 8
780 -978.75 100 0 1

Platform at 780 -978.75
Number of edges: 3
820 -978.75 100 0 1
740 -978.75 -100 0 1
940 -978.75 138.461 -346.669 8

Platform at 380 -978.75
Number of edges: 2
280 -888.75 -60 0 2
280 -978.75 -108.433 -276.669 8

Platform at 160 -933.75
Number of edges: 5
120 -742.5 -20 0 2
240 -888.75 20 0 2
380 -978.75 205.401 -363.336 8
60 -978.75 -122.513 -300.002 8
240 -978.75 74.6915 -363.336 8

Platform at 20 -978.75
Number of edges: 2
60 -978.75 100 0 1
80 -1057.5 52.2008 -413.336 8

Platform at 60 -978.75
Number of edges: 4
20 -978.75 -100 0 1
240 -888.75 270 0 2
160 -933.75 70 0 2
240 -978.75 279.307 -193.336 8

Platform at 240 -978.75
Number of edges: 4
380 -978.75 151.806 -276.669 8
160 -933.75 -20 0 2
60 -978.75 -279.307 -193.336 8
280 -978.75 100 0 1

Platform at 280 -978.75
Number of edges: 2
240 -978.75 -100 0 1
380 -978.75 108.433 -276.669 8

Platform at 80 -1057.5
Number of edges: 5
20 -978.75 -20 0 2
60 -978.75 -20 0 2
120 -1057.5 100 0 1
200 -1091.25 104.684 -373.336 8
280 -1181.25 173.382 -453.336 8

Platform at 120 -1057.5
Number of edges: 4
80 -1057.5 -100 0 1
160 -933.75 20 0 2
200 -1091.25 69.789 -373.336 8
280 -1181.25 138.706 -453.336 8

Platform at 200 -1091.25
Number of edges: 4
80 -1057.5 -140 0 2
120 -1057.5 -20 0 2
240 -1091.25 100 0 1
280 -1181.25 72.2861 -413.336 8

Platform at 240 -1091.25
Number of edges: 2
200 -1091.25 -100 0 1
280 -1091.25 100 0 1

Platform at 280 -1091.25
Number of edges: 2
240 -1091.25 -100 0 1
320 -1091.25 100 0 1

Platform at 320 -1091.25
Number of edges: 2
280 -1091.25 -100 0 1
360 -1091.25 100 0 1

Platform at 360 -1091.25
Number of edges: 2
320 -1091.25 -100 0 1
400 -1091.25 100 0 1

Platform at 400 -1091.25
Number of edges: 2
360 -1091.25 -100 0 1
440 -1091.25 100 0 1

Platform at 440 -1091.25
Number of edges: 1
400 -1091.25 -100 0 1

Platform at 480 -1136.25
Number of edges: 1
520 -1136.25 100 0 1

Platform at 520 -1136.25
Number of edges: 4
480 -1136.25 -100 0 1
660 -978.75 110 0 2
700 -978.75 160 0 2
440 -1181.25 -80.5262 -343.336 8

Platform at 440 -1181.25
Number of edges: 3
480 -1136.25 20 0 2
520 -1136.25 20 0 2
400 -1181.25 -100 0 1

Platform at 280 -1181.25
Number of edges: 5
80 -1057.5 -210 0 2
120 -1057.5 -160 0 2
200 -1091.25 -20 0 2
240 -1091.25 -20 0 2
320 -1181.25 100 0 1

Platform at 320 -1181.25
Number of edges: 3
280 -1181.25 -100 0 1
480 -1282.5 222.092 -356.669 8
360 -1181.25 100 0 1

Platform at 360 -1181.25
Number of edges: 2
320 -1181.25 -100 0 1
400 -1181.25 100 0 1

Platform at 400 -1181.25
Number of edges: 2
440 -1181.25 100 0 1
360 -1181.25 -100 0 1

Platform at 400 -1237.5
Number of edges: 5
320 -1282.5 -69.7465 -383.336 8
480 -1282.5 69.7465 -383.336 8
440 -1181.25 20 0 2
320 -1181.25 -20 0 2
360 -1181.25 -20 0 2

