Platform at 280 888.75
Number of edges: 3
320 888.75 160 0 1
180 843.75 -111.112 -319.999 8
160 832.5 -124.961 -346.665 8

Platform at 320 888.75
Number of edges: 7
280 888.75 -160 0 1
360 888.75 160 0 1
240 877.5 -264.175 -127.999 8
220 866.25 -250.993 -175.999 8
200 855 -263.781 -210.665 8
180 843.75 -294.153 -237.332 8
160 832.5 -331.585 -261.332 8

Platform at 360 888.75
Number of edges: 3
320 888.75 -160 0 1
400 888.75 160 0 1
240 877.5 -335.901 -138.665 8

Platform at 400 888.75
Number of edges: 2
360 888.75 -160 0 1
440 888.75 160 0 1

Platform at 440 888.75
Number of edges: 2
400 888.75 -160 0 1
480 888.75 160 0 1

Platform at 480 888.75
Number of edges: 3
440 888.75 -160 0 1
520 888.75 160 0 1
620 877.5 231.542 -199.999 8

Platform at 520 888.75
Number of edges: 3
480 888.75 -160 0 1
560 888.75 160 0 1
620 877.5 102.579 -303.999 8

Platform at 560 888.75
Number of edges: 3
520 888.75 -160 0 1
620 877.5 53.0367 -349.332 8
500 742.5 -53.5495 -466.665 8

Platform at 600 888.75
Number of edges: 0

Platform at 760 888.75
Number of edges: 0

Platform at 920 888.75
Number of edges: 3
760 888.75 -141.733 -338.665 8
960 888.75 160 0 1
740 877.5 -157.833 -351.998 8

Platform at 960 888.75
Number of edges: 4
920 888.75 -160 0 1
760 888.75 -175.782 -341.332 8
1000 888.75 160 0 1
740 877.5 -192.907 -351.998 8

Platform at 1000 888.75
Number of edges: 4
960 888.75 -160 0 1
760 888.75 -210.938 -341.332 8
1040 888.75 160 0 1
1240 877.5 210.444 -351.998 8

Platform at 1040 888.75
Number of edges: 4
1000 888.75 -160 0 1
1080 888.75 160 0 1
1240 877.5 175.37 -351.998 8
1260 866.25 190.855 -365.332 8

Platform at 1080 888.75
Number of edges: 4
1040 888.75 -160 0 1
1120 888.75 160 0 1
1240 877.5 140.296 -351.998 8
1260 866.25 157.441 -362.665 8

Platform at 1120 888.75
Number of edges: 4
1080 888.75 -160 0 1
1160 888.75 160 0 1
1240 877.5 105.222 -351.998 8
1260 866.25 122.454 -362.665 8

Platform at 1160 888.75
Number of edges: 4
1120 888.75 -160 0 1
1200 888.75 160 0 1
1240 877.5 70.7157 -349.332 8
1260 866.25 88.1952 -359.998 8

Platform at 1200 888.75
Number of edges: 2
1160 888.75 -160 0 1
1260 866.25 53.3616 -357.332 8

Platform at 240 877.5
Number of edges: 3
280 888.75 50 0 2
320 888.75 70 0 2
360 888.75 280 0 2

Platform at 100 866.25
Number of edges: 0

Platform at 220 866.25
Number of edges: 4
280 888.75 110 0 2
320 888.75 120 0 2
360 888.75 270 0 2
240 877.5 50 0 2

Platform at 20 855
Number of edges: 4
60 855 160 0 1
140 843.75 105.222 -351.998 8
160 832.5 122.454 -362.665 8
200 697.5 189.672 -450.665 8

Platform at 60 855
Number of edges: 5
20 855 -160 0 1
140 843.75 70.7157 -349.332 8
160 832.5 88.1952 -359.998 8
200 697.5 147.523 -450.665 8
220 686.25 188.906 -453.331 8

Platform at 120 855
Number of edges: 0

Platform at 200 855
Number of edges: 5
280 888.75 150 0 2
320 888.75 160 0 2
360 888.75 280 0 2
240 877.5 110 0 2
220 866.25 50 0 2

Platform at 140 843.75
Number of edges: 3
20 855 -280 0 2
60 855 -70 0 2
120 855 -50 0 2

Platform at 180 843.75
Number of edges: 5
280 888.75 190 0 2
320 888.75 200 0 2
240 877.5 150 0 2
220 866.25 110 0 2
200 855 50 0 2

Platform at 160 832.5
Number of edges: 11
280 888.75 220 0 2
320 888.75 220 0 2
240 877.5 190 0 2
220 866.25 150 0 2
20 855 -270 0 2
60 855 -120 0 2
120 855 -110 0 2
200 855 110 0 2
140 843.75 -50 0 2
180 843.75 50 0 2
300 798.75 154.341 -309.332 8

Platform at 620 877.5
Number of edges: 5
520 888.75 -180 0 2
560 888.75 -50 0 2
600 888.75 -50 0 2
660 877.5 160 0 1
500 742.5 -106.1 -458.665 8

Platform at 660 877.5
Number of edges: 4
620 877.5 -160 0 1
700 877.5 160 0 1
500 798.75 -279.253 -309.332 8
500 742.5 -141.467 -458.665 8

Platform at 700 877.5
Number of edges: 4
660 877.5 -160 0 1
740 877.5 160 0 1
500 798.75 -349.067 -309.332 8
500 742.5 -174.729 -461.331 8

Platform at 740 877.5
Number of edges: 2
700 877.5 -160 0 1
760 888.75 50 0 2

Platform at 1240 877.5
Number of edges: 3
1120 888.75 -280 0 2
1160 888.75 -70 0 2
1200 888.75 -50 0 2

Platform at 1260 866.25
Number of edges: 6
1120 888.75 -270 0 2
1160 888.75 -120 0 2
1200 888.75 -110 0 2
1240 877.5 -50 0 2
1300 866.25 160 0 1
1420 832.5 163.543 -327.999 8

Platform at 1300 866.25
Number of edges: 3
1260 866.25 -160 0 1
1340 866.25 160 0 1
1420 832.5 122.657 -327.999 8

Platform at 1340 866.25
Number of edges: 4
1300 866.25 -160 0 1
1380 866.25 160 0 1
1540 821.25 214.485 -327.999 8
1420 832.5 81.7714 -327.999 8

Platform at 1380 866.25
Number of edges: 1
1340 866.25 -160 0 1

Platform at 1420 866.25
Number of edges: 0

Platform at 1460 866.25
Number of edges: 0

Platform at 1500 866.25
Number of edges: 0

Platform at 1540 821.25
Number of edges: 4
1500 832.5 -50 0 2
1420 832.5 -280 0 2
1460 832.5 -70 0 2
1440 720 -88.2377 -429.331 8

Platform at 1500 832.5
Number of edges: 3
1540 821.25 50.1622 -253.332 8
1460 832.5 -160 0 1
1440 720 -53.3712 -437.331 8

Platform at 1420 832.5
Number of edges: 6
1260 866.25 -280 0 2
1300 866.25 -160 0 2
1340 866.25 -50 0 2
1380 866.25 -50 0 2
1540 821.25 145.333 -261.332 8
1460 832.5 160 0 1

Platform at 1460 832.5
Number of edges: 3
1500 832.5 160 0 1
1420 832.5 -160 0 1
1540 821.25 71.8799 -343.998 8

Platform at 1440 720
Number of edges: 5
1540 821.25 70 0 2
1500 832.5 50 0 2
1400 720 -160 0 1
1320 708.75 -120.803 -309.332 8
1240 675 -233.689 -309.332 8

Platform at 1360 720
Number of edges: 3
1400 720 160 0 1
1320 708.75 -50.1622 -253.332 8
1240 675 -136.666 -314.665 8

Platform at 1400 720
Number of edges: 4
1440 720 160 0 1
1360 720 -160 0 1
1320 708.75 -80.5351 -309.332 8
1240 675 -186.951 -309.332 8

Platform at 1320 708.75
Number of edges: 6
1440 720 280 0 2
1360 720 50 0 2
1400 720 70 0 2
1280 708.75 -160 0 1
1240 675 -87.2067 -311.999 8
1140 630 -314.16 -309.332 8

Platform at 1240 708.75
Number of edges: 0

Platform at 1280 708.75
Number of edges: 3
1320 708.75 160 0 1
1220 573.75 -53.0501 -458.665 8
1200 562.5 -71.3993 -466.665 8

Platform at 1240 675
Number of edges: 7
1440 720 350 0 2
1360 720 250 0 2
1400 720 250 0 2
1320 708.75 50 0 2
1280 708.75 50 0 2
1200 675 -160 0 1
1320 573.75 98.7668 -367.998 8

Platform at 1200 675
Number of edges: 1
1240 675 160 0 1

Platform at 1140 630
Number of edges: 5
1320 708.75 270 0 2
1280 708.75 270 0 2
1240 675 90 0 2
1200 675 50 0 2
1100 630 -160 0 1

Platform at 1060 630
Number of edges: 4
1100 630 160 0 1
1140 573.75 70.6614 -389.332 8
1160 562.5 88.0973 -399.998 8
1020 618.75 -50.1622 -253.332 8

Platform at 1100 630
Number of edges: 3
1140 630 160 0 1
1060 630 -160 0 1
1020 618.75 -70.7157 -349.332 8

Platform at 1140 573.75
Number of edges: 3
1060 630 -50 0 2
1100 630 -50 0 2
1020 618.75 -140 0 2

Platform at 1220 573.75
Number of edges: 2
1320 708.75 60 0 2
1280 708.75 50 0 2

Platform at 1320 573.75
Number of edges: 5
1240 675 -50 0 2
1220 573.75 -88.5831 -338.665 8
1360 573.75 160 0 1
1500 573.75 206.634 -261.332 8
1200 562.5 -105.222 -351.998 8

Platform at 1360 573.75
Number of edges: 5
1320 573.75 -160 0 1
1220 573.75 -138.159 -303.999 8
1400 573.75 160 0 1
1500 573.75 160.715 -261.332 8
1200 562.5 -152.573 -325.332 8

Platform at 1400 573.75
Number of edges: 5
1360 573.75 -160 0 1
1220 573.75 -204.546 -263.999 8
1500 573.75 114.796 -261.332 8
1200 562.5 -231.691 -271.999 8
1420 585 50 0 2

Platform at 1540 573.75
Number of edges: 3
1400 573.75 -160.715 -261.332 8
1500 573.75 -160 0 1
1440 461.25 -88.952 -437.331 8

Platform at 1500 573.75
Number of edges: 4
1540 573.75 160 0 1
1400 573.75 -114.796 -261.332 8
1440 461.25 -53.3712 -437.331 8
1420 585 -60 0 2

Platform at 1440 461.25
Number of edges: 3
1540 573.75 70 0 2
1500 573.75 50 0 2
1400 461.25 -160 0 1

Platform at 1360 461.25
Number of edges: 5
1220 573.75 -130 0 2
1320 573.75 -50 0 2
1400 461.25 160 0 1
1160 562.5 -240 0 2
1200 562.5 -170 0 2

Platform at 1400 461.25
Number of edges: 2
1440 461.25 160 0 1
1360 461.25 -160 0 1

Platform at 1260 123.75
Number of edges: 1
1220 123.75 -160 0 1

Platform at 1180 123.75
Number of edges: 1
1220 123.75 160 0 1

Platform at 1220 123.75
Number of edges: 2
1260 123.75 160 0 1
1180 123.75 -160 0 1

Platform at 1160 562.5
Number of edges: 6
1060 630 -110 0 2
1100 630 -110 0 2
1140 573.75 -50 0 2
1360 461.25 174.624 -431.998 8
1200 562.5 160 0 1
1020 618.75 -170 0 2

Platform at 1200 562.5
Number of edges: 6
1160 562.5 -160 0 1
1320 708.75 110 0 2
1280 708.75 110 0 2
1220 573.75 50 0 2
1320 573.75 240 0 2
1360 461.25 141.18 -429.331 8

Platform at 1420 585
Number of edges: 0

Platform at 1020 618.75
Number of edges: 5
1140 630 280 0 2
1060 630 50 0 2
1100 630 70 0 2
1140 573.75 106.251 -378.665 8
1160 562.5 122.532 -391.998 8

Platform at 1100 90
Number of edges: 4
1260 123.75 280 0 2
1180 123.75 50 0 2
1220 123.75 160 0 2
1060 90 -160 0 1

Platform at 1020 90
Number of edges: 3
1060 90 160 0 1
1140 33.75 105.992 -389.332 8
1240 11.25 189.581 -415.998 8

Platform at 1060 90
Number of edges: 4
1100 90 160 0 1
1020 90 -160 0 1
1140 33.75 70.6614 -389.332 8
1240 11.25 159.703 -407.998 8

Platform at 1140 33.75
Number of edges: 5
1100 90 -50 0 2
1020 90 -130 0 2
1060 90 -50 0 2
1180 33.75 160 0 1
1240 11.25 88.1952 -359.998 8

Platform at 1180 33.75
Number of edges: 4
1140 33.75 -160 0 1
1240 11.25 53.3616 -357.332 8
1380 -33.75 176.195 -399.998 8
1400 -45 189.581 -415.998 8

Platform at 1240 11.25
Number of edges: 6
1220 123.75 40 0 2
1140 33.75 -120 0 2
1180 33.75 30 0 2
1280 11.25 160 0 1
1380 -33.75 50.5524 -343.998 8
1400 -45 50.037 -391.998 8

Platform at 1280 11.25
Number of edges: 4
1240 11.25 -160 0 1
1320 11.25 160 0 1
1380 -33.75 120.109 -237.332 8
1400 -45 50.0751 -322.665 8

Platform at 1320 11.25
Number of edges: 1
1280 11.25 -160 0 1

Platform at 1380 -33.75
Number of edges: 3
1240 11.25 -200 0 2
1280 11.25 -90 0 2
1320 11.25 -50 0 2

Platform at 1540 -33.75
Number of edges: 0

Platform at 1400 -45
Number of edges: 5
1240 11.25 -220 0 2
1280 11.25 -130 0 2
1320 11.25 -110 0 2
1380 -33.75 -50 0 2
1440 -45 160 0 1

Platform at 1440 -45
Number of edges: 2
1400 -45 -160 0 1
1480 -45 160 0 1

Platform at 1480 -45
Number of edges: 2
1440 -45 -160 0 1
1520 -45 160 0 1

Platform at 1520 -45
Number of edges: 1
1480 -45 -160 0 1

Platform at 1460 -303.75
Number of edges: 4
1420 -303.75 -160 0 1
1380 -315 -70.7157 -349.332 8
1360 -326.25 -88.1952 -359.998 8
1340 -337.5 -106.494 -367.998 8

Platform at 1420 -303.75
Number of edges: 3
1460 -303.75 160 0 1
1360 -326.25 -53.3616 -357.332 8
1340 -337.5 -70.9961 -367.998 8

Platform at 1260 -315
Number of edges: 0

Platform at 1380 -315
Number of edges: 2
1460 -303.75 70 0 2
1420 -303.75 50 0 2

Platform at 1280 -326.25
Number of edges: 1
1260 -315 -50 0 2

Platform at 1360 -326.25
Number of edges: 3
1460 -303.75 120 0 2
1420 -303.75 110 0 2
1380 -315 50 0 2

Platform at 1300 -337.5
Number of edges: 4
1260 -315 -110 0 2
1280 -326.25 -50 0 2
1340 -337.5 160 0 1
1180 -371.25 -168.205 -261.332 8

Platform at 1340 -337.5
Number of edges: 6
1300 -337.5 -160 0 1
1460 -303.75 160 0 2
1420 -303.75 150 0 2
1380 -315 110 0 2
1360 -326.25 50 0 2
1180 -371.25 -220.758 -263.999 8

Platform at 1180 -371.25
Number of edges: 5
1260 -315 50 0 2
1280 -326.25 90 0 2
1300 -337.5 160 0 2
1340 -337.5 280 0 2
1140 -371.25 -160 0 1

Platform at 900 -371.25
Number of edges: 2
940 -371.25 160 0 1
1120 -450 189.581 -415.998 8

Platform at 940 -371.25
Number of edges: 3
900 -371.25 -160 0 1
980 -371.25 160 0 1
1120 -450 159.703 -407.998 8

Platform at 980 -371.25
Number of edges: 3
940 -371.25 -160 0 1
1020 -371.25 160 0 1
1120 -450 124.213 -407.998 8

Platform at 1020 -371.25
Number of edges: 3
980 -371.25 -160 0 1
1060 -371.25 160 0 1
1120 -450 88.7237 -407.998 8

Platform at 1060 -371.25
Number of edges: 3
1020 -371.25 -160 0 1
1100 -371.25 160 0 1
1120 -450 53.2342 -407.998 8

Platform at 1100 -371.25
Number of edges: 2
1060 -371.25 -160 0 1
1140 -371.25 160 0 1

Platform at 1140 -371.25
Number of edges: 2
1180 -371.25 160 0 1
1100 -371.25 -160 0 1

Platform at 1120 -450
Number of edges: 7
900 -371.25 -310 0 2
940 -371.25 -230 0 2
980 -371.25 -150 0 2
1020 -371.25 -80 0 2
1060 -371.25 -50 0 2
1160 -450 160 0 1
1260 -506.25 122.532 -391.998 8

Platform at 1160 -450
Number of edges: 3
1120 -450 -160 0 1
1200 -450 160 0 1
1260 -506.25 88.3268 -389.332 8

Platform at 1200 -450
Number of edges: 7
1160 -450 -160 0 1
1380 -315 260 0 2
1280 -326.25 50 0 2
1360 -326.25 240 0 2
1300 -337.5 70 0 2
1340 -337.5 130 0 2
1260 -506.25 52.9961 -389.332 8

Platform at 1260 -506.25
Number of edges: 4
1120 -450 -180 0 2
1160 -450 -90 0 2
1200 -450 -50 0 2
1440 -517.5 159.11 -349.332 8

Platform at 1420 -506.25
Number of edges: 0

Platform at 1540 -506.25
Number of edges: 0

Platform at 1440 -517.5
Number of edges: 3
1420 -506.25 -50 0 2
1480 -517.5 160 0 1
1540 -596.25 127.219 -335.999 8

Platform at 1480 -517.5
Number of edges: 3
1440 -517.5 -160 0 1
1520 -517.5 160 0 1
1540 -596.25 53.7701 -405.332 8

Platform at 1520 -517.5
Number of edges: 1
1480 -517.5 -160 0 1

Platform at 1540 -596.25
Number of edges: 6
1420 -506.25 -210 0 2
1440 -517.5 -80 0 2
1480 -517.5 -50 0 2
1460 -663.75 -71.1543 -397.332 8
1380 -675 -141.958 -407.998 8
1360 -686.25 -157.665 -421.332 8

Platform at 1460 -663.75
Number of edges: 4
1540 -596.25 50 0 2
1420 -663.75 -160 0 1
1380 -675 -70.7157 -349.332 8
1360 -686.25 -88.1952 -359.998 8

Platform at 1420 -663.75
Number of edges: 2
1460 -663.75 160 0 1
1360 -686.25 -53.3616 -357.332 8

Platform at 1300 -675
Number of edges: 1
1260 -506.25 -50 0 2

Platform at 1380 -675
Number of edges: 2
1460 -663.75 70 0 2
1420 -663.75 50 0 2

Platform at 1320 -686.25
Number of edges: 2
1300 -675 -50 0 2
1360 -686.25 160 0 1

Platform at 1360 -686.25
Number of edges: 4
1320 -686.25 -160 0 1
1460 -663.75 120 0 2
1420 -663.75 110 0 2
1380 -675 50 0 2

Platform at 1020 -1012.5
Number of edges: 1
1060 -1012.5 160 0 1

Platform at 1060 -1012.5
Number of edges: 1
1020 -1012.5 -160 0 1

Platform at 1260 -1012.5
Number of edges: 0

Platform at 1300 -1012.5
Number of edges: 0

Platform at 1320 -1271.25
Number of edges: 2
1360 -1271.25 160 0 1
1160 -1305 -266.39 -309.332 8

Platform at 1360 -1271.25
Number of edges: 3
1320 -1271.25 -160 0 1
1400 -1271.25 160 0 1
1160 -1305 -310.487 -309.332 8

Platform at 1400 -1271.25
Number of edges: 1
1360 -1271.25 -160 0 1

Platform at 1160 -1305
Number of edges: 3
1320 -1271.25 270 0 2
1120 -1305 -160 0 1
920 -1305 -306.82 -234.665 8

Platform at 1000 -1305
Number of edges: 2
1040 -1305 160 0 1
920 -1305 -102.273 -234.665 8

Platform at 1040 -1305
Number of edges: 3
1000 -1305 -160 0 1
1080 -1305 160 0 1
920 -1305 -153.41 -234.665 8

Platform at 1080 -1305
Number of edges: 3
1040 -1305 -160 0 1
1120 -1305 160 0 1
920 -1305 -204.547 -234.665 8

Platform at 1120 -1305
Number of edges: 3
1160 -1305 160 0 1
1080 -1305 -160 0 1
920 -1305 -255.683 -234.665 8

Platform at 920 -1305
Number of edges: 2
1000 -1305 102.273 -234.665 8
880 -1305 -160 0 1

Platform at 720 -1305
Number of edges: 2
760 -1305 160 0 1
580 -1305 -178.978 -234.665 8

Platform at 760 -1305
Number of edges: 4
720 -1305 -160 0 1
1000 -1305 306.82 -234.665 8
800 -1305 160 0 1
580 -1305 -230.115 -234.665 8

Platform at 800 -1305
Number of edges: 4
760 -1305 -160 0 1
1000 -1305 255.683 -234.665 8
840 -1305 160 0 1
580 -1305 -281.251 -234.665 8

Platform at 840 -1305
Number of edges: 3
800 -1305 -160 0 1
1000 -1305 204.547 -234.665 8
880 -1305 160 0 1

Platform at 880 -1305
Number of edges: 3
920 -1305 160 0 1
840 -1305 -160 0 1
1000 -1305 153.41 -234.665 8

Platform at 340 90
Number of edges: 1
300 90 -160 0 1

Platform at 220 90
Number of edges: 4
260 90 160 0 1
60 90 -146.342 -327.999 8
20 22.5 -244.378 -327.999 8
160 -56.25 -53.5495 -466.665 8

Platform at 260 90
Number of edges: 3
220 90 -160 0 1
300 90 160 0 1
60 90 -182.928 -327.999 8

Platform at 300 90
Number of edges: 3
340 90 160 0 1
260 90 -160 0 1
60 90 -219.513 -327.999 8

Platform at 20 90
Number of edges: 1
60 90 160 0 1

Platform at 60 90
Number of edges: 1
20 90 -160 0 1

Platform at 300 798.75
Number of edges: 5
220 866.25 -50 0 2
200 855 -80 0 2
180 843.75 -140 0 2
160 832.5 -210 0 2
340 798.75 160 0 1

Platform at 340 798.75
Number of edges: 2
300 798.75 -160 0 1
380 798.75 160 0 1

Platform at 380 798.75
Number of edges: 2
340 798.75 -160 0 1
420 798.75 160 0 1

Platform at 420 798.75
Number of edges: 2
380 798.75 -160 0 1
460 798.75 160 0 1

Platform at 460 798.75
Number of edges: 2
420 798.75 -160 0 1
500 798.75 160 0 1

Platform at 500 798.75
Number of edges: 6
460 798.75 -160 0 1
560 888.75 50 0 2
600 888.75 70 0 2
620 877.5 110 0 2
660 877.5 190 0 2
700 877.5 270 0 2

Platform at 420 742.5
Number of edges: 5
460 742.5 160 0 1
360 697.5 -53.1254 -378.665 8
300 686.25 -105.992 -389.332 8
280 675 -123.336 -399.998 8
240 663.75 -159.703 -407.998 8

Platform at 460 742.5
Number of edges: 6
420 742.5 -160 0 1
500 742.5 160 0 1
360 697.5 -88.5423 -378.665 8
300 686.25 -140.037 -391.998 8
280 675 -158.575 -399.998 8
240 663.75 -189.581 -415.998 8

Platform at 500 742.5
Number of edges: 9
460 742.5 -160 0 1
560 888.75 50 0 2
600 888.75 60 0 2
620 877.5 90 0 2
660 877.5 150 0 2
700 877.5 210 0 2
360 697.5 -123.959 -378.665 8
300 686.25 -173.473 -394.665 8
280 675 -193.814 -399.998 8

Platform at 360 697.5
Number of edges: 7
420 742.5 50 0 2
460 742.5 90 0 2
500 742.5 200 0 2
300 686.25 -53.0367 -349.332 8
280 675 -70.5562 -359.998 8
240 663.75 -106.494 -367.998 8
140 630 -193.814 -399.998 8

Platform at 200 697.5
Number of edges: 5
20 855 -170 0 2
60 855 -120 0 2
120 855 -100 0 2
140 843.75 -80 0 2
160 832.5 -50 0 2

Platform at 320 697.5
Number of edges: 0

Platform at 220 686.25
Number of edges: 4
60 855 -140 0 2
120 855 -130 0 2
140 843.75 -110 0 2
200 697.5 -50 0 2

Platform at 300 686.25
Number of edges: 4
460 742.5 320 0 2
500 742.5 320 0 2
360 697.5 50 0 2
320 697.5 50 0 2

Platform at 280 675
Number of edges: 8
420 742.5 300 0 2
460 742.5 300 0 2
500 742.5 330 0 2
360 697.5 110 0 2
320 697.5 110 0 2
300 686.25 50 0 2
240 663.75 -50.1622 -253.332 8
140 630 -123.959 -378.665 8

Platform at 240 663.75
Number of edges: 7
360 697.5 220 0 2
200 697.5 -80 0 2
320 697.5 220 0 2
220 686.25 -50 0 2
300 686.25 220 0 2
280 675 50 0 2
140 630 -88.7451 -367.998 8

Platform at 20 630
Number of edges: 1
60 630 160 0 1

Platform at 60 630
Number of edges: 2
20 630 -160 0 1
100 630 160 0 1

Platform at 100 630
Number of edges: 2
60 630 -160 0 1
140 630 160 0 1

Platform at 140 630
Number of edges: 4
100 630 -160 0 1
220 686.25 50 0 2
280 675 310 0 2
240 663.75 100 0 2

Platform at 20 573.75
Number of edges: 0

Platform at 100 438.75
Number of edges: 2
60 438.75 -160 0 1
20 348.75 -89.9556 -367.998 8

Platform at 20 438.75
Number of edges: 1
60 438.75 160 0 1

Platform at 60 438.75
Number of edges: 2
100 438.75 160 0 1
20 438.75 -160 0 1

Platform at 20 348.75
Number of edges: 2
100 438.75 50 0 2
60 438.75 50 0 2

Platform at 20 22.5
Number of edges: 3
220 90 290 0 2
60 90 50 0 2
80 -56.25 63.1255 -367.998 8

Platform at 80 -56.25
Number of edges: 4
60 90 40 0 2
20 22.5 20 0 2
120 -56.25 160 0 1
240 -90 180.146 -234.665 8

Platform at 120 -56.25
Number of edges: 3
80 -56.25 -160 0 1
160 -56.25 160 0 1
240 -90 96.7 -245.332 8

Platform at 160 -56.25
Number of edges: 2
120 -56.25 -160 0 1
240 -90 51.4672 -229.332 8

Platform at 240 -90
Number of edges: 6
220 90 40 0 2
120 -56.25 -160 0 2
160 -56.25 -40 0 2
280 -90 160 0 1
140 -157.5 -178.097 -399.998 8
60 -168.75 -299.602 -349.332 8

Platform at 280 -90
Number of edges: 4
240 -90 -160 0 1
320 -90 160 0 1
140 -157.5 -213.336 -399.998 8
60 -168.75 -346.181 -349.332 8

Platform at 320 -90
Number of edges: 2
280 -90 -160 0 1
140 -157.5 -248.575 -399.998 8

Platform at 140 -157.5
Number of edges: 6
240 -90 80 0 2
280 -90 160 0 2
320 -90 250 0 2
100 -157.5 -160 0 1
60 -168.75 -130.181 -202.665 8
20 -180 -210.22 -210.665 8

Platform at 100 -157.5
Number of edges: 3
140 -157.5 160 0 1
60 -168.75 -61.1859 -213.332 8
20 -180 -95.8573 -277.332 8

Platform at 60 -168.75
Number of edges: 3
140 -157.5 70 0 2
100 -157.5 50 0 2
20 -180 -50.1622 -253.332 8

Platform at 20 -180
Number of edges: 3
140 -157.5 220 0 2
100 -157.5 220 0 2
60 -168.75 50 0 2

Platform at 120 -495
Number of edges: 2
160 -495 160 0 1
280 -495 141.733 -338.665 8

Platform at 160 -495
Number of edges: 2
120 -495 -160 0 1
280 -495 106.3 -338.665 8

Platform at 280 -495
Number of edges: 3
160 -495 -106.3 -338.665 8
320 -495 160 0 1
460 -551.25 226.311 -309.332 8

Platform at 320 -495
Number of edges: 4
280 -495 -160 0 1
160 -495 -155.173 -309.332 8
360 -495 160 0 1
460 -551.25 176.02 -309.332 8

Platform at 360 -495
Number of edges: 4
320 -495 -160 0 1
160 -495 -193.966 -309.332 8
400 -495 160 0 1
460 -551.25 125.728 -309.332 8

Platform at 400 -495
Number of edges: 3
360 -495 -160 0 1
160 -495 -232.76 -309.332 8
460 -551.25 75.437 -309.332 8

Platform at 460 -551.25
Number of edges: 4
280 -495 -270 0 2
320 -495 -180 0 2
360 -495 -90 0 2
400 -495 -50 0 2

Platform at 360 -630
Number of edges: 3
320 -630 -160 0 1
220 -686.25 -208.286 -285.332 8
460 -787.5 88.9649 -477.331 8

Platform at 280 -630
Number of edges: 4
120 -495 -150 0 2
160 -495 -90 0 2
320 -630 160 0 1
220 -686.25 -89.2655 -285.332 8

Platform at 320 -630
Number of edges: 3
360 -630 160 0 1
280 -630 -160 0 1
220 -686.25 -148.776 -285.332 8

Platform at 220 -686.25
Number of edges: 4
360 -630 180 0 2
280 -630 50 0 2
320 -630 90 0 2
180 -686.25 -160 0 1

Platform at 20 -686.25
Number of edges: 2
60 -686.25 160 0 1
240 -753.75 193.814 -399.998 8

Platform at 60 -686.25
Number of edges: 3
20 -686.25 -160 0 1
100 -686.25 160 0 1
240 -753.75 158.575 -399.998 8

Platform at 100 -686.25
Number of edges: 3
60 -686.25 -160 0 1
140 -686.25 160 0 1
240 -753.75 123.336 -399.998 8

Platform at 140 -686.25
Number of edges: 4
100 -686.25 -160 0 1
180 -686.25 160 0 1
240 -753.75 88.0973 -399.998 8
340 -787.5 174.624 -431.998 8

Platform at 180 -686.25
Number of edges: 4
220 -686.25 160 0 1
140 -686.25 -160 0 1
240 -753.75 53.3657 -397.332 8
340 -787.5 141.18 -429.331 8

Platform at 240 -753.75
Number of edges: 9
220 -686.25 -50 0 2
20 -686.25 -330 0 2
60 -686.25 -250 0 2
100 -686.25 -160 0 2
140 -686.25 -80 0 2
180 -686.25 -50 0 2
280 -753.75 160 0 1
340 -787.5 88.7451 -367.998 8
460 -787.5 193.565 -370.665 8

Platform at 280 -753.75
Number of edges: 3
240 -753.75 -160 0 1
340 -787.5 53.247 -367.998 8
460 -787.5 158.372 -370.665 8

Platform at 340 -787.5
Number of edges: 5
140 -686.25 -310 0 2
240 -753.75 -110 0 2
280 -753.75 -50 0 2
460 -787.5 123.854 -290.665 8
520 -877.5 157.665 -421.332 8

Platform at 460 -787.5
Number of edges: 5
360 -630 -60 0 2
320 -630 -120 0 2
340 -787.5 -126.169 -285.332 8
500 -787.5 160 0 1
520 -877.5 65.3991 -373.332 8

Platform at 500 -787.5
Number of edges: 3
460 -787.5 -160 0 1
340 -787.5 -168.225 -285.332 8
540 -787.5 160 0 1

Platform at 540 -787.5
Number of edges: 2
500 -787.5 -160 0 1
340 -787.5 -261.629 -229.332 8

Platform at 600 -843.75
Number of edges: 3
540 -787.5 -50 0 2
520 -877.5 -70.9961 -367.998 8
440 -911.25 -159.658 -367.998 8

Platform at 520 -877.5
Number of edges: 4
460 -787.5 -50 0 2
600 -843.75 50 0 2
440 -911.25 -88.1948 -309.332 8
360 -956.25 -279.253 -309.332 8

Platform at 440 -911.25
Number of edges: 2
600 -843.75 250 0 2
520 -877.5 50 0 2

Platform at 360 -956.25
Number of edges: 4
520 -877.5 220 0 2
440 -911.25 50 0 2
320 -956.25 -160 0 1
420 -1012.5 61.765 -349.332 8

Platform at 320 -956.25
Number of edges: 4
360 -956.25 160 0 1
280 -956.25 -160 0 1
420 -1012.5 102.942 -349.332 8
240 -1147.5 -71.4694 -506.665 8

Platform at 280 -956.25
Number of edges: 4
320 -956.25 160 0 1
240 -753.75 -50 0 2
420 -1012.5 144.118 -349.332 8
340 -1113.75 53.379 -477.331 8

Platform at 420 -1012.5
Number of edges: 5
360 -956.25 20 0 2
320 -956.25 -90 0 2
280 -956.25 -180 0 2
460 -1012.5 160 0 1
560 -1057.5 224.202 -234.665 8

Platform at 460 -1012.5
Number of edges: 2
420 -1012.5 -160 0 1
500 -1012.5 160 0 1

Platform at 500 -1012.5
Number of edges: 1
460 -1012.5 -160 0 1

Platform at 560 -1057.5
Number of edges: 6
520 -877.5 40 0 2
420 -1012.5 -200 0 2
460 -1012.5 -90 0 2
500 -1012.5 20 0 2
600 -1057.5 160 0 1
500 -1113.75 -142.996 -389.332 8

Platform at 600 -1057.5
Number of edges: 2
560 -1057.5 -160 0 1
500 -1113.75 -178.327 -389.332 8

Platform at 500 -1113.75
Number of edges: 3
560 -1057.5 140 0 2
600 -1057.5 140 0 2
460 -1113.75 -160 0 1

Platform at 420 -1113.75
Number of edges: 3
460 -1113.75 160 0 1
380 -1113.75 -160 0 1
240 -1147.5 -248.372 -370.665 8

Platform at 460 -1113.75
Number of edges: 3
500 -1113.75 160 0 1
420 -1113.75 -160 0 1
240 -1147.5 -283.565 -370.665 8

Platform at 380 -1113.75
Number of edges: 3
420 -1113.75 160 0 1
340 -1113.75 -160 0 1
240 -1147.5 -123.178 -370.665 8

Platform at 340 -1113.75
Number of edges: 3
380 -1113.75 160 0 1
280 -956.25 -50 0 2
240 -1147.5 -88.7451 -367.998 8

Platform at 240 -1147.5
Number of edges: 6
320 -956.25 50 0 2
280 -956.25 50 0 2
420 -1113.75 340 0 2
380 -1113.75 220 0 2
340 -1113.75 100 0 2
200 -1147.5 -160 0 1

Platform at 80 -1147.5
Number of edges: 3
120 -1147.5 160 0 1
20 -1136.25 -50 0 2
60 -1136.25 -50 0 2

Platform at 120 -1147.5
Number of edges: 2
80 -1147.5 -160 0 1
160 -1147.5 160 0 1

Platform at 160 -1147.5
Number of edges: 2
120 -1147.5 -160 0 1
200 -1147.5 160 0 1

Platform at 200 -1147.5
Number of edges: 2
240 -1147.5 160 0 1
160 -1147.5 -160 0 1

Platform at 20 -1136.25
Number of edges: 1
80 -1147.5 97.6358 -202.665 8

Platform at 60 -1136.25
Number of edges: 0

Platform at 580 -1305
Number of edges: 2
720 -1305 178.978 -234.665 8
540 -1305 -160 0 1

Platform at 100 -1305
Number of edges: 1
140 -1305 160 0 1

Platform at 140 -1305
Number of edges: 3
100 -1305 -160 0 1
180 -1305 160 0 1
240 -1406.25 105.017 -391.998 8

Platform at 180 -1305
Number of edges: 4
140 -1305 -160 0 1
220 -1305 160 0 1
120 -1406.25 -53.5141 -426.665 8
240 -1406.25 53.5141 -426.665 8

Platform at 220 -1305
Number of edges: 3
180 -1305 -160 0 1
260 -1305 160 0 1
120 -1406.25 -105.017 -391.998 8

Platform at 260 -1305
Number of edges: 2
220 -1305 -160 0 1
300 -1305 160 0 1

Platform at 300 -1305
Number of edges: 2
260 -1305 -160 0 1
340 -1305 160 0 1

Platform at 340 -1305
Number of edges: 2
300 -1305 -160 0 1
380 -1305 160 0 1

Platform at 380 -1305
Number of edges: 2
340 -1305 -160 0 1
420 -1305 160 0 1

Platform at 420 -1305
Number of edges: 3
380 -1305 -160 0 1
460 -1305 160 0 1
520 -1406.25 105.017 -391.998 8

Platform at 460 -1305
Number of edges: 4
420 -1305 -160 0 1
500 -1305 160 0 1
400 -1406.25 -53.5141 -426.665 8
520 -1406.25 53.5141 -426.665 8

Platform at 500 -1305
Number of edges: 4
460 -1305 -160 0 1
720 -1305 281.251 -234.665 8
540 -1305 160 0 1
400 -1406.25 -105.017 -391.998 8

Platform at 540 -1305
Number of edges: 3
580 -1305 160 0 1
500 -1305 -160 0 1
720 -1305 230.115 -234.665 8

Platform at 0 -1406.25
Number of edges: 2
40 -1406.25 160 0 1
240 -1406.25 210.938 -341.332 8

Platform at 40 -1406.25
Number of edges: 3
0 -1406.25 -160 0 1
80 -1406.25 160 0 1
240 -1406.25 175.782 -341.332 8

Platform at 80 -1406.25
Number of edges: 3
40 -1406.25 -160 0 1
120 -1406.25 160 0 1
240 -1406.25 141.733 -338.665 8

Platform at 120 -1406.25
Number of edges: 4
80 -1406.25 -160 0 1
180 -1305 50 0 2
220 -1305 70 0 2
240 -1406.25 106.3 -338.665 8

Platform at 240 -1406.25
Number of edges: 4
140 -1305 -70 0 2
180 -1305 -50 0 2
120 -1406.25 -106.3 -338.665 8
280 -1406.25 160 0 1

Platform at 280 -1406.25
Number of edges: 4
240 -1406.25 -160 0 1
120 -1406.25 -141.733 -338.665 8
320 -1406.25 160 0 1
520 -1406.25 210.938 -341.332 8

Platform at 320 -1406.25
Number of edges: 4
280 -1406.25 -160 0 1
120 -1406.25 -175.782 -341.332 8
360 -1406.25 160 0 1
520 -1406.25 175.782 -341.332 8

Platform at 360 -1406.25
Number of edges: 4
320 -1406.25 -160 0 1
120 -1406.25 -210.938 -341.332 8
400 -1406.25 160 0 1
520 -1406.25 141.733 -338.665 8

Platform at 400 -1406.25
Number of edges: 4
360 -1406.25 -160 0 1
460 -1305 50 0 2
500 -1305 70 0 2
520 -1406.25 106.3 -338.665 8

Platform at 520 -1406.25
Number of edges: 4
420 -1305 -70 0 2
460 -1305 -50 0 2
400 -1406.25 -106.3 -338.665 8
560 -1406.25 160 0 1

Platform at 560 -1406.25
Number of edges: 3
520 -1406.25 -160 0 1
400 -1406.25 -141.733 -338.665 8
600 -1406.25 160 0 1

Platform at 600 -1406.25
Number of edges: 3
560 -1406.25 -160 0 1
400 -1406.25 -175.782 -341.332 8
640 -1406.25 160 0 1

Platform at 640 -1406.25
Number of edges: 3
600 -1406.25 -160 0 1
400 -1406.25 -210.938 -341.332 8
680 -1406.25 160 0 1

Platform at 680 -1406.25
Number of edges: 2
640 -1406.25 -160 0 1
720 -1406.25 160 0 1

Platform at 720 -1406.25
Number of edges: 2
680 -1406.25 -160 0 1
760 -1406.25 160 0 1

Platform at 760 -1406.25
Number of edges: 2
720 -1406.25 -160 0 1
800 -1406.25 160 0 1

Platform at 800 -1406.25
Number of edges: 2
760 -1406.25 -160 0 1
840 -1406.25 160 0 1

Platform at 840 -1406.25
Number of edges: 2
800 -1406.25 -160 0 1
880 -1406.25 160 0 1

Platform at 880 -1406.25
Number of edges: 2
840 -1406.25 -160 0 1
920 -1406.25 160 0 1

Platform at 920 -1406.25
Number of edges: 2
880 -1406.25 -160 0 1
960 -1406.25 160 0 1

Platform at 960 -1406.25
Number of edges: 2
920 -1406.25 -160 0 1
1000 -1406.25 160 0 1

Platform at 1000 -1406.25
Number of edges: 2
960 -1406.25 -160 0 1
1040 -1406.25 160 0 1

Platform at 1040 -1406.25
Number of edges: 2
1000 -1406.25 -160 0 1
1080 -1406.25 160 0 1

Platform at 1080 -1406.25
Number of edges: 2
1040 -1406.25 -160 0 1
1120 -1406.25 160 0 1

Platform at 1120 -1406.25
Number of edges: 2
1080 -1406.25 -160 0 1
1160 -1406.25 160 0 1

Platform at 1160 -1406.25
Number of edges: 2
1120 -1406.25 -160 0 1
1200 -1406.25 160 0 1

Platform at 1200 -1406.25
Number of edges: 2
1160 -1406.25 -160 0 1
1240 -1406.25 160 0 1

Platform at 1240 -1406.25
Number of edges: 2
1200 -1406.25 -160 0 1
1280 -1406.25 160 0 1

Platform at 1280 -1406.25
Number of edges: 2
1240 -1406.25 -160 0 1
1320 -1406.25 160 0 1

Platform at 1320 -1406.25
Number of edges: 2
1280 -1406.25 -160 0 1
1360 -1406.25 160 0 1

Platform at 1360 -1406.25
Number of edges: 2
1320 -1406.25 -160 0 1
1400 -1406.25 160 0 1

Platform at 1400 -1406.25
Number of edges: 2
1360 -1406.25 -160 0 1
1440 -1406.25 160 0 1

Platform at 1440 -1406.25
Number of edges: 2
1400 -1406.25 -160 0 1
1480 -1406.25 160 0 1

Platform at 1480 -1406.25
Number of edges: 2
1440 -1406.25 -160 0 1
1520 -1406.25 160 0 1

Platform at 1520 -1406.25
Number of edges: 2
1480 -1406.25 -160 0 1
1560 -1406.25 160 0 1

Platform at 1560 -1406.25
Number of edges: 1
1520 -1406.25 -160 0 1

