Platform at 120 888.75
Number of edges: 0

Platform at 160 888.75
Number of edges: 2
200 888.75 160 0 1
100 877.5 -53.0367 -349.332 8

Platform at 200 888.75
Number of edges: 3
160 888.75 -160 0 1
240 888.75 160 0 1
100 877.5 -87.685 -351.998 8

Platform at 240 888.75
Number of edges: 3
200 888.75 -160 0 1
280 888.75 160 0 1
100 877.5 -149.288 -293.332 8

Platform at 280 888.75
Number of edges: 3
240 888.75 -160 0 1
320 888.75 160 0 1
100 877.5 -197.825 -285.332 8

Platform at 320 888.75
Number of edges: 3
280 888.75 -160 0 1
480 888.75 290.325 -165.332 8
100 877.5 -241.787 -285.332 8

Platform at 480 888.75
Number of edges: 2
320 888.75 -290.325 -165.332 8
520 888.75 160 0 1

Platform at 520 888.75
Number of edges: 2
480 888.75 -160 0 1
560 888.75 160 0 1

Platform at 560 888.75
Number of edges: 2
520 888.75 -160 0 1
600 888.75 160 0 1

Platform at 600 888.75
Number of edges: 2
560 888.75 -160 0 1
640 888.75 160 0 1

Platform at 640 888.75
Number of edges: 2
600 888.75 -160 0 1
680 888.75 160 0 1

Platform at 680 888.75
Number of edges: 2
640 888.75 -160 0 1
720 888.75 160 0 1

Platform at 720 888.75
Number of edges: 3
680 888.75 -160 0 1
760 888.75 160 0 1
660 832.5 -52.9961 -389.332 8

Platform at 760 888.75
Number of edges: 2
720 888.75 -160 0 1
800 888.75 160 0 1

Platform at 800 888.75
Number of edges: 2
760 888.75 -160 0 1
840 888.75 160 0 1

Platform at 840 888.75
Number of edges: 2
800 888.75 -160 0 1
880 888.75 160 0 1

Platform at 880 888.75
Number of edges: 2
840 888.75 -160 0 1
920 888.75 160 0 1

Platform at 920 888.75
Number of edges: 2
880 888.75 -160 0 1
960 888.75 160 0 1

Platform at 960 888.75
Number of edges: 2
920 888.75 -160 0 1
1000 888.75 160 0 1

Platform at 1000 888.75
Number of edges: 2
960 888.75 -160 0 1
1040 888.75 160 0 1

Platform at 1040 888.75
Number of edges: 3
1000 888.75 -160 0 1
1080 888.75 160 0 1
880 810 -279.253 -309.332 8

Platform at 1080 888.75
Number of edges: 4
1040 888.75 -160 0 1
1120 888.75 160 0 1
880 810 -349.067 -309.332 8
1000 753.75 -89.9036 -418.665 8

Platform at 1120 888.75
Number of edges: 3
1080 888.75 -160 0 1
1160 888.75 160 0 1
1000 753.75 -134.855 -418.665 8

Platform at 1160 888.75
Number of edges: 3
1120 888.75 -160 0 1
1200 888.75 160 0 1
1000 753.75 -179.807 -418.665 8

Platform at 1200 888.75
Number of edges: 3
1160 888.75 -160 0 1
1240 888.75 160 0 1
1000 753.75 -224.759 -418.665 8

Platform at 1240 888.75
Number of edges: 3
1200 888.75 -160 0 1
1280 888.75 160 0 1
1460 877.5 192.907 -351.998 8

Platform at 1280 888.75
Number of edges: 4
1240 888.75 -160 0 1
1320 888.75 160 0 1
1460 877.5 157.833 -351.998 8
1500 866.25 190.855 -365.332 8

Platform at 1320 888.75
Number of edges: 4
1280 888.75 -160 0 1
1360 888.75 160 0 1
1460 877.5 122.759 -351.998 8
1500 866.25 157.441 -362.665 8

Platform at 1360 888.75
Number of edges: 4
1320 888.75 -160 0 1
1400 888.75 160 0 1
1460 877.5 87.685 -351.998 8
1500 866.25 122.454 -362.665 8

Platform at 1400 888.75
Number of edges: 3
1360 888.75 -160 0 1
1460 877.5 53.0367 -349.332 8
1500 866.25 88.1952 -359.998 8

Platform at 1440 888.75
Number of edges: 0

Platform at 60 708.75
Number of edges: 1
100 708.75 160 0 1

Platform at 100 708.75
Number of edges: 2
60 708.75 -160 0 1
140 708.75 160 0 1

Platform at 140 708.75
Number of edges: 3
100 708.75 -160 0 1
180 708.75 160 0 1
360 708.75 193.36 -341.332 8

Platform at 180 708.75
Number of edges: 5
140 708.75 -160 0 1
300 765 130 0 2
220 765 50 0 2
260 765 50 0 2
360 708.75 159.45 -338.665 8

Platform at 20 877.5
Number of edges: 1
60 877.5 160 0 1

Platform at 60 877.5
Number of edges: 2
20 877.5 -160 0 1
100 877.5 160 0 1

Platform at 100 877.5
Number of edges: 4
60 877.5 -160 0 1
120 888.75 50 0 2
160 888.75 50 0 2
200 888.75 180 0 2

Platform at 1540 877.5
Number of edges: 1
1500 866.25 -50.1622 -253.332 8

Platform at 1460 877.5
Number of edges: 4
1360 888.75 -180 0 2
1400 888.75 -50 0 2
1440 888.75 -50 0 2
1500 866.25 50.1622 -253.332 8

Platform at 1500 866.25
Number of edges: 5
1360 888.75 -270 0 2
1400 888.75 -220 0 2
1440 888.75 -220 0 2
1540 877.5 50 0 2
1460 877.5 -50 0 2

Platform at 580 832.5
Number of edges: 5
620 832.5 160 0 1
760 810 157.441 -362.665 8
760 686.25 206.392 -429.331 8
500 810 -70.5562 -359.998 8
480 708.75 -115.507 -402.665 8

Platform at 620 832.5
Number of edges: 6
580 832.5 -160 0 1
660 832.5 160 0 1
760 810 122.454 -362.665 8
760 686.25 136.188 -450.665 8
500 810 -105.834 -359.998 8
480 708.75 -161.709 -402.665 8

Platform at 660 832.5
Number of edges: 8
620 832.5 -160 0 1
680 888.75 50 0 2
720 888.75 50 0 2
760 888.75 90 0 2
760 810 88.1952 -359.998 8
760 686.25 88.1154 -469.331 8
500 810 -139.948 -362.665 8
480 708.75 -207.912 -402.665 8

Platform at 760 810
Number of edges: 6
680 888.75 -50 0 2
720 888.75 -50 0 2
620 832.5 -270 0 2
660 832.5 -120 0 2
800 810 160 0 1
920 753.75 215.257 -298.665 8

Platform at 800 810
Number of edges: 3
760 810 -160 0 1
840 810 160 0 1
920 753.75 131.133 -335.999 8

Platform at 840 810
Number of edges: 3
800 810 -160 0 1
880 810 160 0 1
920 753.75 70.6614 -389.332 8

Platform at 880 810
Number of edges: 7
840 810 -160 0 1
920 888.75 50 0 2
960 888.75 50 0 2
1000 888.75 110 0 2
1040 888.75 190 0 2
1080 888.75 270 0 2
800 686.25 -72.6722 -442.665 8

Platform at 920 753.75
Number of edges: 6
760 810 -220 0 2
800 810 -130 0 2
840 810 -50 0 2
880 810 -50 0 2
960 753.75 160 0 1
800 686.25 -124.042 -359.998 8

Platform at 960 753.75
Number of edges: 3
920 753.75 -160 0 1
1000 753.75 160 0 1
800 686.25 -165.389 -359.998 8

Platform at 1000 753.75
Number of edges: 6
960 753.75 -160 0 1
1040 888.75 50 0 2
1080 888.75 50 0 2
1120 888.75 90 0 2
1160 888.75 150 0 2
1200 888.75 210 0 2

Platform at 1080 686.25
Number of edges: 0

Platform at 1120 641.25
Number of edges: 4
920 753.75 -320 0 2
1080 686.25 -50 0 2
1160 641.25 160 0 1
1040 585 -70.6614 -389.332 8

Platform at 1160 641.25
Number of edges: 3
1120 641.25 -160 0 1
1200 641.25 160 0 1
1040 585 -105.992 -389.332 8

Platform at 1200 641.25
Number of edges: 2
1160 641.25 -160 0 1
1040 585 -140.037 -391.998 8

Platform at 1040 585
Number of edges: 5
1120 641.25 50 0 2
1160 641.25 130 0 2
1200 641.25 220 0 2
1000 585 -160 0 1
980 438.75 -53.5495 -466.665 8

Platform at 1000 585
Number of edges: 2
1040 585 160 0 1
1080 438.75 71.3993 -466.665 8

Platform at 840 585
Number of edges: 2
800 585 -160 0 1
700 472.5 -123.155 -439.998 8

Platform at 800 585
Number of edges: 4
840 585 160 0 1
860 438.75 53.5493 -66.6653 8
700 472.5 -88.9519 -37.3319 8
760 585 -160 0 1

Platform at 760 585
Number of edges: 4
800 585 160 0 1
720 585 -160 0 1
860 438.75 88.1154 -469.331 8
700 472.5 -53.3712 -437.331 8

Platform at 720 585
Number of edges: 6
760 585 160 0 1
860 438.75 123.362 -469.331 8
520 641.25 -310 0 2
560 641.25 -220 0 2
600 641.25 -130 0 2
640 641.25 -50 0 2

Platform at 660 472.5
Number of edges: 4
620 472.5 -160 0 1
860 438.75 204.428 -327.999 8
480 427.5 -182.634 -341.332 8
700 472.5 160 0 1

Platform at 540 472.5
Number of edges: 4
580 472.5 160 0 1
480 427.5 -53.1254 -378.665 8
420 326.25 -130.774 -434.665 8
620 326.25 87.1827 -434.665 8

Platform at 580 472.5
Number of edges: 4
540 472.5 -160 0 1
620 472.5 160 0 1
480 427.5 -88.5423 -378.665 8
420 326.25 -174.365 -434.665 8

Platform at 620 472.5
Number of edges: 3
660 472.5 160 0 1
580 472.5 -160 0 1
480 427.5 -123.959 -378.665 8

Platform at 860 438.75
Number of edges: 7
800 585 -50 0 2
760 585 -60 0 2
720 585 -120 0 2
900 438.75 160 0 1
1080 438.75 263.299 -250.665 8
1000 326.25 200.201 -370.665 8
700 472.5 -270 0 2

Platform at 900 438.75
Number of edges: 4
860 438.75 -160 0 1
940 438.75 160 0 1
1080 438.75 217.743 -247.999 8
1000 326.25 88.952 -437.331 8

Platform at 940 438.75
Number of edges: 5
900 438.75 -160 0 1
980 438.75 160 0 1
1080 438.75 169.356 -247.999 8
860 326.25 -71.1616 -437.331 8
1000 326.25 53.3712 -437.331 8

Platform at 980 438.75
Number of edges: 4
940 438.75 -160 0 1
1040 585 50 0 2
1080 438.75 119.681 -250.665 8
860 326.25 -106.742 -437.331 8

Platform at 480 427.5
Number of edges: 6
660 472.5 300 0 2
540 472.5 50 0 2
580 472.5 90 0 2
620 472.5 200 0 2
440 427.5 -160 0 1
620 326.25 172.842 -367.998 8

Platform at 360 427.5
Number of edges: 2
400 427.5 160 0 1
240 427.5 -153.41 -234.665 8

Platform at 400 427.5
Number of edges: 3
360 427.5 -160 0 1
440 427.5 160 0 1
240 427.5 -204.547 -234.665 8

Platform at 440 427.5
Number of edges: 4
480 427.5 160 0 1
400 427.5 -160 0 1
240 427.5 -330.885 -181.332 8
620 326.25 240.004 -359.998 8

Platform at 1080 438.75
Number of edges: 4
1040 585 -50 0 2
1000 585 -50 0 2
980 438.75 -117.188 -255.999 8
1120 438.75 160 0 1

Platform at 1120 438.75
Number of edges: 3
1080 438.75 -160 0 1
980 438.75 -167.554 -250.665 8
1160 438.75 160 0 1

Platform at 1160 438.75
Number of edges: 3
1120 438.75 -160 0 1
980 438.75 -217.743 -247.999 8
1200 438.75 160 0 1

Platform at 1200 438.75
Number of edges: 3
1160 438.75 -160 0 1
980 438.75 -266.13 -247.999 8
1240 438.75 160 0 1

Platform at 1240 438.75
Number of edges: 3
1200 438.75 -160 0 1
1280 438.75 160 0 1
1420 382.5 347.431 -263.999 8

Platform at 1280 438.75
Number of edges: 3
1240 438.75 -160 0 1
1320 438.75 160 0 1
1420 382.5 238.286 -271.999 8

Platform at 1320 438.75
Number of edges: 4
1280 438.75 -160 0 1
1360 438.75 160 0 1
1540 348.75 247.378 -367.998 8
1420 382.5 137.041 -295.999 8

Platform at 1360 438.75
Number of edges: 2
1320 438.75 -160 0 1
1420 382.5 57.2684 -367.998 8

Platform at 1540 438.75
Number of edges: 1
1500 438.75 -160 0 1

Platform at 1460 438.75
Number of edges: 1
1500 438.75 160 0 1

Platform at 1500 438.75
Number of edges: 2
1540 438.75 160 0 1
1460 438.75 -160 0 1

Platform at 240 427.5
Number of edges: 3
360 427.5 153.41 -234.665 8
200 427.5 -160 0 1
60 427.5 -306.821 -175.999 8

Platform at 160 427.5
Number of edges: 3
360 427.5 330.885 -181.332 8
200 427.5 160 0 1
60 427.5 -148.027 -202.665 8

Platform at 200 427.5
Number of edges: 4
240 427.5 160 0 1
160 427.5 -160 0 1
360 427.5 222.224 -215.999 8
60 427.5 -207.238 -202.665 8

Platform at 20 427.5
Number of edges: 2
160 427.5 231.619 -181.332 8
60 427.5 160 0 1

Platform at 60 427.5
Number of edges: 2
20 427.5 -160 0 1
160 427.5 148.027 -202.665 8

Platform at 40 337.5
Number of edges: 3
180 146.25 155.116 -482.665 8
260 326.25 192.907 -351.998 8
100 337.5 160 0 1

Platform at 180 337.5
Number of edges: 4
220 337.5 160 0 1
60 146.25 -107.204 -506.665 8
260 326.25 70.7157 -349.332 8
140 337.5 -160 0 1

Platform at 220 337.5
Number of edges: 2
180 337.5 -160 0 1
260 326.25 50.1622 -253.332 8

Platform at 380 326.25
Number of edges: 3
420 326.25 160 0 1
480 258.75 92.5342 -386.665 8
340 326.25 -160 0 1

Platform at 420 326.25
Number of edges: 5
380 326.25 -160 0 1
540 472.5 120 0 2
580 472.5 150 0 2
480 427.5 50 0 2
480 258.75 55.5205 -386.665 8

Platform at 620 326.25
Number of edges: 6
540 472.5 -50 0 2
580 472.5 -50 0 2
480 427.5 -140 0 2
440 427.5 -210 0 2
660 326.25 160 0 1
560 258.75 -62.7833 -357.332 8

Platform at 660 326.25
Number of edges: 3
620 326.25 -160 0 1
700 326.25 160 0 1
560 258.75 -164.676 -293.332 8

Platform at 700 326.25
Number of edges: 2
660 326.25 -160 0 1
740 326.25 160 0 1

Platform at 740 326.25
Number of edges: 2
700 326.25 -160 0 1
780 326.25 160 0 1

Platform at 780 326.25
Number of edges: 4
740 326.25 -160 0 1
820 326.25 160 0 1
1000 326.25 193.36 -341.332 8
720 202.5 -53.2169 -447.998 8

Platform at 820 326.25
Number of edges: 4
780 326.25 -160 0 1
860 326.25 160 0 1
1000 326.25 159.45 -338.665 8
720 202.5 -118.29 -399.998 8

Platform at 860 326.25
Number of edges: 6
820 326.25 -160 0 1
900 438.75 50 0 2
940 438.75 50 0 2
980 438.75 100 0 2
1000 326.25 124.016 -338.665 8
720 202.5 -181.093 -391.998 8

Platform at 1000 326.25
Number of edges: 5
860 438.75 -130 0 2
900 438.75 -70 0 2
940 438.75 -50 0 2
860 326.25 -124.016 -338.665 8
1040 326.25 160 0 1

Platform at 1040 326.25
Number of edges: 3
1000 326.25 -160 0 1
860 326.25 -159.45 -338.665 8
1080 326.25 160 0 1

Platform at 1080 326.25
Number of edges: 3
1040 326.25 -160 0 1
860 326.25 -193.36 -341.332 8
1120 326.25 160 0 1

Platform at 1120 326.25
Number of edges: 2
1080 326.25 -160 0 1
1160 326.25 160 0 1

Platform at 1160 326.25
Number of edges: 3
1120 326.25 -160 0 1
1200 326.25 160 0 1
1380 270 190.82 -394.665 8

Platform at 1200 326.25
Number of edges: 3
1160 326.25 -160 0 1
1240 326.25 160 0 1
1380 270 157.542 -391.998 8

Platform at 1240 326.25
Number of edges: 3
1200 326.25 -160 0 1
1280 326.25 160 0 1
1380 270 122.532 -391.998 8

Platform at 1280 326.25
Number of edges: 3
1240 326.25 -160 0 1
1320 326.25 160 0 1
1380 270 88.3268 -389.332 8

Platform at 1320 326.25
Number of edges: 5
1280 326.25 -160 0 1
1360 438.75 50 0 2
1420 382.5 80 0 2
1460 382.5 180 0 2
1380 270 52.9961 -389.332 8

Platform at 1540 348.75
Number of edges: 2
1420 382.5 -160 0 2
1460 382.5 -50 0 2

Platform at 560 258.75
Number of edges: 4
620 326.25 50 0 2
660 326.25 80 0 2
520 258.75 -160 0 1
640 202.5 77.149 -365.332 8

Platform at 480 258.75
Number of edges: 7
380 326.25 -80 0 2
420 326.25 -50 0 2
520 258.75 160 0 1
640 202.5 331.585 -261.332 8
340 326.25 -160 0 2
260 326.25 -330 0 2
300 326.25 -250 0 2

Platform at 520 258.75
Number of edges: 3
560 258.75 160 0 1
480 258.75 -160 0 1
640 202.5 197.923 -274.665 8

Platform at 640 202.5
Number of edges: 6
620 326.25 20 0 2
560 258.75 -40 0 2
480 258.75 -220 0 2
520 258.75 -130 0 2
680 202.5 160 0 1
800 146.25 50.037 -391.998 8

Platform at 680 202.5
Number of edges: 3
640 202.5 -160 0 1
720 202.5 160 0 1
800 146.25 50.0751 -322.665 8

Platform at 720 202.5
Number of edges: 4
680 202.5 -160 0 1
820 326.25 140 0 2
860 326.25 140 0 2
800 146.25 51.0423 -269.332 8

Platform at 800 146.25
Number of edges: 6
740 326.25 20 0 2
780 326.25 40 0 2
640 202.5 -220 0 2
680 202.5 -130 0 2
720 202.5 -40 0 2
840 146.25 160 0 1

Platform at 840 146.25
Number of edges: 1
800 146.25 -160 0 1

Platform at 420 146.25
Number of edges: 1
260 146.25 -225.001 -213.332 8

Platform at 260 146.25
Number of edges: 2
220 146.25 -160 0 1
60 146.25 -288.463 -207.999 8

Platform at 180 146.25
Number of edges: 6
40 337.5 -110 0 2
220 146.25 160 0 1
60 146.25 -175.326 -205.332 8
260 45 98.7668 -367.998 8
140 337.5 -50 0 2
100 337.5 -50 0 2

Platform at 220 146.25
Number of edges: 4
260 146.25 160 0 1
180 146.25 -160 0 1
60 146.25 -233.768 -205.332 8
160 45 -55.336 -418.665 8

Platform at 20 146.25
Number of edges: 3
180 146.25 233.768 -205.332 8
60 146.25 160 0 1
80 45 53.5141 -426.665 8

Platform at 60 146.25
Number of edges: 5
20 146.25 -160 0 1
180 337.5 80 0 2
180 146.25 175.326 -205.332 8
140 337.5 50 0 2
100 337.5 50 0 2

Platform at 80 45
Number of edges: 4
20 146.25 -50 0 2
120 45 160 0 1
260 45 227.529 -237.332 8
180 -67.5 93.2316 -426.665 8

Platform at 120 45
Number of edges: 5
80 45 -160 0 1
160 45 160 0 1
260 45 178.978 -234.665 8
180 -67.5 53.9811 -434.665 8
60 -67.5 -53.9811 -434.665 8

Platform at 160 45
Number of edges: 5
120 45 -160 0 1
260 146.25 70 0 2
220 146.25 50 0 2
260 45 127.842 -234.665 8
60 -67.5 -93.2316 -426.665 8

Platform at 260 45
Number of edges: 4
180 146.25 -40 0 2
220 146.25 40 0 2
160 45 -217.842 -234.665 8
300 45 160 0 1

Platform at 300 45
Number of edges: 3
260 45 -160 0 1
160 45 -266.967 -237.332 8
340 45 160 0 1

Platform at 340 45
Number of edges: 2
300 45 -160 0 1
160 45 -310.11 -245.332 8

Platform at 340 -67.5
Number of edges: 0

Platform at 220 -67.5
Number of edges: 2
180 -67.5 -160 0 1
60 -67.5 -204.547 -234.665 8

Platform at 180 -67.5
Number of edges: 4
220 -67.5 160 0 1
80 45 -70 0 2
120 45 -50 0 2
60 -67.5 -153.41 -234.665 8

Platform at 20 -67.5
Number of edges: 3
180 -67.5 204.547 -234.665 8
60 -67.5 160 0 1
100 -180 71.1616 -437.331 8

Platform at 60 -67.5
Number of edges: 4
20 -67.5 -160 0 1
120 45 50 0 2
160 45 70 0 2
180 -67.5 153.41 -234.665 8

Platform at 100 -180
Number of edges: 3
20 -67.5 -40 0 2
60 -67.5 20 0 2
140 -180 160 0 1

Platform at 140 -180
Number of edges: 2
100 -180 -160 0 1
180 -180 160 0 1

Platform at 180 -180
Number of edges: 1
140 -180 -160 0 1

Platform at 300 -180
Number of edges: 1
340 -180 160 0 1

Platform at 340 -180
Number of edges: 2
300 -180 -160 0 1
380 -180 160 0 1

Platform at 380 -180
Number of edges: 1
340 -180 -160 0 1

Platform at 500 -225
Number of edges: 2
540 -225 160 0 1
360 -270 -123.959 -378.665 8

Platform at 540 -225
Number of edges: 2
500 -225 -160 0 1
360 -270 -159.376 -378.665 8

Platform at 480 -765
Number of edges: 2
440 -765 -160 0 1
280 -765 -321.431 -186.665 8

Platform at 400 -765
Number of edges: 2
440 -765 160 0 1
280 -765 -184.933 -194.665 8

Platform at 440 -765
Number of edges: 3
480 -765 160 0 1
400 -765 -160 0 1
280 -765 -257.145 -186.665 8

Platform at 280 -765
Number of edges: 3
400 -765 180.001 -199.999 8
240 -765 -160 0 1
380 -855 131.287 -346.665 8

Platform at 160 -765
Number of edges: 5
200 -765 160 0 1
60 -765 -160.715 -186.665 8
80 -652.5 -50 0 2
120 -652.5 -50 0 2
60 -697.5 -80 0 2

Platform at 200 -765
Number of edges: 4
160 -765 -160 0 1
400 -765 296.055 -202.665 8
240 -765 160 0 1
60 -765 -221.833 -189.332 8

Platform at 240 -765
Number of edges: 4
280 -765 160 0 1
200 -765 -160 0 1
400 -765 222.224 -215.999 8
60 -765 -289.288 -186.665 8

Platform at 20 -765
Number of edges: 3
160 -765 225.002 -186.665 8
60 -765 160 0 1
100 -855 70.7913 -418.665 8

Platform at 60 -765
Number of edges: 4
20 -765 -160 0 1
160 -765 160.715 -186.665 8
160 -652.5 70 0 2
120 -652.5 50 0 2

Platform at 100 -855
Number of edges: 3
20 -765 -50 0 2
60 -765 -50 0 2
140 -855 160 0 1

Platform at 140 -855
Number of edges: 4
100 -855 -160 0 1
180 -855 160 0 1
380 -855 217.743 -330.665 8
300 -1001.25 205.885 -421.332 8

Platform at 180 -855
Number of edges: 4
140 -855 -160 0 1
220 -855 160 0 1
380 -855 182.928 -327.999 8
300 -1001.25 130.774 -434.665 8

Platform at 220 -855
Number of edges: 4
180 -855 -160 0 1
260 -855 160 0 1
380 -855 150.001 -319.999 8
300 -1001.25 71.3993 -466.665 8

Platform at 260 -855
Number of edges: 3
220 -855 -160 0 1
380 -855 112.501 -319.999 8
200 -1046.25 -53.6021 -506.665 8

Platform at 380 -855
Number of edges: 4
280 -765 -70 0 2
260 -855 -112.501 -319.999 8
420 -855 160 0 1
600 -900 244.446 -319.999 8

Platform at 420 -855
Number of edges: 4
380 -855 -160 0 1
260 -855 -150.001 -319.999 8
460 -855 160 0 1
600 -900 200.001 -319.999 8

Platform at 460 -855
Number of edges: 4
420 -855 -160 0 1
260 -855 -182.928 -327.999 8
500 -855 160 0 1
600 -900 155.557 -319.999 8

Platform at 500 -855
Number of edges: 3
460 -855 -160 0 1
260 -855 -219.513 -327.999 8
600 -900 111.112 -319.999 8

Platform at 600 -900
Number of edges: 4
460 -855 -200 0 2
500 -855 -90 0 2
640 -900 160 0 1
780 -922.5 202.196 -221.332 8

Platform at 640 -900
Number of edges: 4
600 -900 -160 0 1
680 -900 160 0 1
780 -922.5 137.263 -221.332 8
580 -1001.25 -143.514 -426.665 8

Platform at 680 -900
Number of edges: 2
640 -900 -160 0 1
780 -922.5 66.7409 -226.665 8

Platform at 780 -922.5
Number of edges: 2
680 -900 -120 0 2
820 -922.5 160 0 1

Platform at 820 -922.5
Number of edges: 2
780 -922.5 -160 0 1
860 -922.5 160 0 1

Platform at 860 -922.5
Number of edges: 3
820 -922.5 -160 0 1
980 -1080 51.7856 -439.998 8
800 -1001.25 -143.234 -407.998 8

Platform at 1020 -922.5
Number of edges: 3
1060 -922.5 160 0 1
1220 -967.5 112.927 -341.332 8
800 -1001.25 -297.798 -391.998 8

Platform at 1060 -922.5
Number of edges: 3
1020 -922.5 -160 0 1
1100 -922.5 160 0 1
1220 -967.5 72.3413 -341.332 8

Platform at 1100 -922.5
Number of edges: 3
1060 -922.5 -160 0 1
1140 -922.5 160 0 1
1220 -967.5 50.2131 -309.332 8

Platform at 1140 -922.5
Number of edges: 2
1100 -922.5 -160 0 1
1220 -967.5 53.4459 -247.999 8

Platform at 1100 67.5
Number of edges: 0

Platform at 1540 -45
Number of edges: 0

Platform at 1540 -517.5
Number of edges: 1
1460 -596.25 -70.979 -407.998 8

Platform at 1460 -596.25
Number of edges: 3
1540 -517.5 50 0 2
1420 -596.25 -160 0 1
1280 -596.25 -196.603 -274.665 8

Platform at 1380 -596.25
Number of edges: 2
1420 -596.25 160 0 1
1280 -596.25 -109.224 -274.665 8

Platform at 1420 -596.25
Number of edges: 3
1460 -596.25 160 0 1
1380 -596.25 -160 0 1
1280 -596.25 -152.913 -274.665 8

Platform at 1280 -596.25
Number of edges: 4
1380 -596.25 109.224 -274.665 8
1240 -596.25 -160 0 1
1060 -630 -285.968 -274.665 8
1220 -720 -53.2169 -447.998 8

Platform at 1160 -596.25
Number of edges: 3
1380 -596.25 229.168 -287.999 8
1200 -596.25 160 0 1
1060 -630 -129.985 -274.665 8

Platform at 1200 -596.25
Number of edges: 4
1160 -596.25 -160 0 1
1380 -596.25 189.253 -285.332 8
1240 -596.25 160 0 1
1060 -630 -181.979 -274.665 8

Platform at 1240 -596.25
Number of edges: 5
1280 -596.25 160 0 1
1200 -596.25 -160 0 1
1380 -596.25 150.001 -279.999 8
1060 -630 -233.973 -274.665 8
1320 -720 77.5936 -429.331 8

Platform at 1060 -630
Number of edges: 3
1160 -596.25 100 0 2
1200 -596.25 220 0 2
1240 -596.25 340 0 2

Platform at 1100 -720
Number of edges: 2
1140 -720 160 0 1
1320 -720 193.36 -341.332 8

Platform at 1140 -720
Number of edges: 3
1100 -720 -160 0 1
1180 -720 160 0 1
1320 -720 159.45 -338.665 8

Platform at 1180 -720
Number of edges: 3
1140 -720 -160 0 1
1220 -720 160 0 1
1320 -720 124.016 -338.665 8

Platform at 1220 -720
Number of edges: 4
1180 -720 -160 0 1
1140 -922.5 -72.4439 -514.664 8
1280 -596.25 50 0 2
1320 -720 88.5831 -338.665 8

Platform at 1320 -720
Number of edges: 5
1280 -596.25 -50 0 2
1240 -596.25 -50 0 2
1220 -720 -88.5831 -338.665 8
1360 -720 160 0 1
1540 -798.75 189.581 -415.998 8

Platform at 1360 -720
Number of edges: 3
1320 -720 -160 0 1
1220 -720 -124.016 -338.665 8
1540 -798.75 159.703 -407.998 8

Platform at 1540 -798.75
Number of edges: 1
1460 -967.5 -70.9229 -87.9986 8

Platform at 1460 -967.5
Number of edges: 3
1540 -798.75 50 0 2
1420 -967.5 -160 0 1
1260 -967.5 -241.937 -247.999 8

Platform at 1380 -967.5
Number of edges: 2
1420 -967.5 160 0 1
1260 -967.5 -145.162 -247.999 8

Platform at 1420 -967.5
Number of edges: 3
1460 -967.5 160 0 1
1380 -967.5 -160 0 1
1260 -967.5 -193.549 -247.999 8

Platform at 1460 -1080
Number of edges: 2
1420 -1080 -160 0 1
1400 -1181.25 -53.5141 -426.665 8

Platform at 980 -1080
Number of edges: 5
820 -922.5 -140 0 2
860 -922.5 -90 0 2
1020 -1080 160 0 1
800 -1001.25 -230 0 2
760 -1001.25 -310 0 2

Platform at 1020 -1080
Number of edges: 2
980 -1080 -160 0 1
1060 -1080 160 0 1

Platform at 1060 -1080
Number of edges: 2
1020 -1080 -160 0 1
1100 -1080 160 0 1

Platform at 1100 -1080
Number of edges: 2
1060 -1080 -160 0 1
1140 -1080 160 0 1

Platform at 1140 -1080
Number of edges: 2
1100 -1080 -160 0 1
1180 -1080 160 0 1

Platform at 1180 -1080
Number of edges: 2
1140 -1080 -160 0 1
1220 -1080 160 0 1

Platform at 1220 -1080
Number of edges: 3
1180 -1080 -160 0 1
1260 -1080 160 0 1
1320 -1181.25 105.017 -391.998 8

Platform at 1260 -1080
Number of edges: 4
1220 -1080 -160 0 1
1300 -1080 160 0 1
1200 -1181.25 -53.5141 -426.665 8
1320 -1181.25 53.5141 -426.665 8

Platform at 1300 -1080
Number of edges: 5
1260 -1080 -160 0 1
1340 -1080 160 0 1
1200 -1181.25 -105.017 -391.998 8
1140 -1192.5 -140.748 -439.998 8
1120 -1203.75 -157.819 -450.665 8

Platform at 1340 -1080
Number of edges: 2
1300 -1080 -160 0 1
1380 -1080 160 0 1

Platform at 1380 -1080
Number of edges: 2
1340 -1080 -160 0 1
1420 -1080 160 0 1

Platform at 1420 -1080
Number of edges: 2
1460 -1080 160 0 1
1380 -1080 -160 0 1

Platform at 1220 -967.5
Number of edges: 6
1020 -922.5 -350 0 2
1060 -922.5 -250 0 2
1100 -922.5 -150 0 2
1140 -922.5 -50 0 2
1380 -967.5 193.549 -247.999 8
1260 -967.5 160 0 1

Platform at 1260 -967.5
Number of edges: 2
1220 -967.5 -160 0 1
1380 -967.5 145.162 -247.999 8

Platform at 800 -1001.25
Number of edges: 6
860 -922.5 50 0 2
1020 -922.5 310 0 2
980 -1080 180.069 -378.665 8
760 -1001.25 -160 0 1
580 -1001.25 -266.13 -247.999 8
680 -1113.75 -138.972 -389.332 8

Platform at 680 -1001.25
Number of edges: 4
600 -900 -50 0 2
640 -900 -50 0 2
720 -1001.25 160 0 1
580 -1001.25 -120.968 -247.999 8

Platform at 720 -1001.25
Number of edges: 3
680 -1001.25 -160 0 1
760 -1001.25 160 0 1
580 -1001.25 -169.356 -247.999 8

Platform at 760 -1001.25
Number of edges: 5
800 -1001.25 160 0 1
720 -1001.25 -160 0 1
980 -1080 220.085 -378.665 8
580 -1001.25 -217.743 -247.999 8
680 -1113.75 -81.9987 -407.998 8

Platform at 580 -1001.25
Number of edges: 4
640 -900 50 0 2
680 -900 70 0 2
680 -1001.25 120.968 -247.999 8
540 -1001.25 -160 0 1

Platform at 540 -1001.25
Number of edges: 3
580 -1001.25 160 0 1
680 -1001.25 169.356 -247.999 8
440 -1113.75 -93.2316 -426.665 8

Platform at 380 -1001.25
Number of edges: 2
340 -1001.25 -160 0 1
200 -1046.25 -304.9 -253.332 8

Platform at 300 -1001.25
Number of edges: 6
140 -855 -150 0 2
180 -855 -90 0 2
220 -855 -50 0 2
260 -855 -50 0 2
340 -1001.25 160 0 1
200 -1046.25 -154.131 -263.999 8

Platform at 340 -1001.25
Number of edges: 3
380 -1001.25 160 0 1
300 -1001.25 -160 0 1
200 -1046.25 -220.535 -261.332 8

Platform at 200 -1046.25
Number of edges: 6
260 -855 50 0 2
380 -1001.25 300 0 2
300 -1001.25 90 0 2
340 -1001.25 200 0 2
280 -1113.75 71.1543 -397.332 8
140 -1046.25 -160 0 1

Platform at 280 -1113.75
Number of edges: 3
200 -1046.25 -50 0 2
320 -1113.75 160 0 1
140 -1046.25 -160 0 2

Platform at 320 -1113.75
Number of edges: 3
280 -1113.75 -160 0 1
360 -1113.75 160 0 1
560 -1113.75 210.938 -341.332 8

Platform at 360 -1113.75
Number of edges: 3
320 -1113.75 -160 0 1
400 -1113.75 160 0 1
560 -1113.75 175.782 -341.332 8

Platform at 400 -1113.75
Number of edges: 3
360 -1113.75 -160 0 1
440 -1113.75 160 0 1
560 -1113.75 141.733 -338.665 8

Platform at 440 -1113.75
Number of edges: 4
400 -1113.75 -160 0 1
580 -1001.25 130 0 2
540 -1001.25 70 0 2
560 -1113.75 106.3 -338.665 8

Platform at 560 -1113.75
Number of edges: 3
440 -1113.75 -106.3 -338.665 8
600 -1113.75 160 0 1
760 -1181.25 176.195 -399.998 8

Platform at 600 -1113.75
Number of edges: 4
560 -1113.75 -160 0 1
440 -1113.75 -141.733 -338.665 8
640 -1113.75 160 0 1
760 -1181.25 140.956 -399.998 8

Platform at 640 -1113.75
Number of edges: 5
600 -1113.75 -160 0 1
440 -1113.75 -175.782 -341.332 8
680 -1113.75 160 0 1
760 -1181.25 105.717 -399.998 8
860 -1192.5 189.581 -415.998 8

Platform at 680 -1113.75
Number of edges: 8
640 -1113.75 -160 0 1
800 -1001.25 100 0 2
720 -1001.25 50 0 2
760 -1001.25 50 0 2
440 -1113.75 -210.938 -341.332 8
760 -1181.25 71.1543 -397.332 8
860 -1192.5 159.703 -407.998 8
880 -1203.75 175.183 -421.332 8

Platform at 760 -1181.25
Number of edges: 7
560 -1113.75 -290 0 2
600 -1113.75 -210 0 2
640 -1113.75 -120 0 2
680 -1113.75 -50 0 2
800 -1181.25 160 0 1
860 -1192.5 94.5287 -327.999 8
880 -1203.75 117.672 -327.999 8

Platform at 800 -1181.25
Number of edges: 3
760 -1181.25 -160 0 1
860 -1192.5 56.7172 -327.999 8
880 -1203.75 78.448 -327.999 8

Platform at 840 -1181.25
Number of edges: 0

Platform at 1160 -1181.25
Number of edges: 0

Platform at 1200 -1181.25
Number of edges: 5
1260 -1080 50 0 2
1300 -1080 70 0 2
1320 -1181.25 109.757 -327.999 8
1140 -1192.5 -56.7172 -327.999 8
1120 -1203.75 -78.448 -327.999 8

Platform at 1320 -1181.25
Number of edges: 6
1220 -1080 -70 0 2
1260 -1080 -50 0 2
1200 -1181.25 -109.757 -327.999 8
1360 -1181.25 160 0 1
1140 -1192.5 -170.152 -327.999 8
1120 -1203.75 -196.12 -327.999 8

Platform at 1360 -1181.25
Number of edges: 5
1320 -1181.25 -160 0 1
1200 -1181.25 -146.342 -327.999 8
1400 -1181.25 160 0 1
1140 -1192.5 -207.963 -327.999 8
1120 -1203.75 -235.344 -327.999 8

Platform at 1400 -1181.25
Number of edges: 3
1360 -1181.25 -160 0 1
1460 -1080 50 0 2
1200 -1181.25 -182.928 -327.999 8

Platform at 860 -1192.5
Number of edges: 3
760 -1181.25 -180 0 2
800 -1181.25 -50 0 2
840 -1181.25 -50 0 2

Platform at 1140 -1192.5
Number of edges: 2
1160 -1181.25 50 0 2
1200 -1181.25 50 0 2

Platform at 880 -1203.75
Number of edges: 5
760 -1181.25 -200 0 2
800 -1181.25 -110 0 2
840 -1181.25 -110 0 2
860 -1192.5 -50 0 2
920 -1203.75 160 0 1

Platform at 920 -1203.75
Number of edges: 2
880 -1203.75 -160 0 1
960 -1203.75 160 0 1

Platform at 960 -1203.75
Number of edges: 2
920 -1203.75 -160 0 1
1000 -1203.75 160 0 1

Platform at 1000 -1203.75
Number of edges: 2
960 -1203.75 -160 0 1
1040 -1203.75 160 0 1

Platform at 1040 -1203.75
Number of edges: 2
1000 -1203.75 -160 0 1
1080 -1203.75 160 0 1

Platform at 1080 -1203.75
Number of edges: 2
1040 -1203.75 -160 0 1
1120 -1203.75 160 0 1

Platform at 1120 -1203.75
Number of edges: 4
1080 -1203.75 -160 0 1
1160 -1181.25 110 0 2
1200 -1181.25 110 0 2
1140 -1192.5 50 0 2

Platform at 760 686.25
Number of edges: 7
680 888.75 -50 0 2
720 888.75 -50 0 2
580 832.5 -180 0 2
620 832.5 -120 0 2
660 832.5 -60 0 2
800 686.25 160 0 1
640 641.25 -240.005 -239.999 8

Platform at 800 686.25
Number of edges: 6
760 686.25 -160 0 1
840 810 50 0 2
880 810 50 0 2
920 753.75 120 0 2
960 753.75 210 0 2
1000 753.75 290 0 2

Platform at 140 -1046.25
Number of edges: 3
200 -1046.25 160 0 1
100 -855 -50 0 2
280 -1113.75 123.336 -399.998 8

Platform at 500 810
Number of edges: 4
580 832.5 50 0 2
620 832.5 200 0 2
660 832.5 340 0 2
460 810 -160 0 1

Platform at 340 810
Number of edges: 1
380 810 160 0 1

Platform at 380 810
Number of edges: 2
340 810 -160 0 1
420 810 160 0 1

Platform at 420 810
Number of edges: 2
380 810 -160 0 1
460 810 160 0 1

Platform at 460 810
Number of edges: 2
500 810 160 0 1
420 810 -160 0 1

Platform at 300 765
Number of edges: 8
180 708.75 -105.992 -389.332 8
500 810 350 0 2
340 810 50 0 2
380 810 50 0 2
420 810 150 0 2
460 810 250 0 2
260 765 -160 0 1
360 708.75 52.9961 -389.332 8

Platform at 220 765
Number of edges: 2
260 765 160 0 1
360 708.75 122.532 -391.998 8

Platform at 260 765
Number of edges: 4
300 765 160 0 1
220 765 -160 0 1
180 708.75 -70.6614 -389.332 8
360 708.75 88.3268 -389.332 8

Platform at 360 708.75
Number of edges: 6
180 708.75 -159.45 -338.665 8
300 765 -50 0 2
220 765 -180 0 2
260 765 -90 0 2
400 708.75 160 0 1
520 641.25 140.956 -399.998 8

Platform at 400 708.75
Number of edges: 4
360 708.75 -160 0 1
180 708.75 -193.36 -341.332 8
440 708.75 160 0 1
520 641.25 105.717 -399.998 8

Platform at 440 708.75
Number of edges: 3
400 708.75 -160 0 1
480 708.75 160 0 1
520 641.25 71.1543 -397.332 8

Platform at 480 708.75
Number of edges: 6
440 708.75 -160 0 1
520 888.75 50 0 2
560 888.75 50 0 2
580 832.5 70 0 2
620 832.5 130 0 2
660 832.5 190 0 2

Platform at 520 641.25
Number of edges: 6
720 585 190.895 -367.998 8
360 708.75 -210 0 2
400 708.75 -120 0 2
440 708.75 -50 0 2
480 708.75 -50 0 2
560 641.25 160 0 1

Platform at 560 641.25
Number of edges: 3
520 641.25 -160 0 1
720 585 152.716 -367.998 8
600 641.25 160 0 1

Platform at 600 641.25
Number of edges: 3
560 641.25 -160 0 1
720 585 114.537 -367.998 8
640 641.25 160 0 1

Platform at 640 641.25
Number of edges: 5
600 641.25 -160 0 1
760 810 90 0 2
720 585 76.3579 -367.998 8
760 686.25 140 0 2
800 686.25 250 0 2

Platform at 340 326.25
Number of edges: 3
380 326.25 160 0 1
480 258.75 129.548 -386.665 8
300 326.25 -160 0 1

Platform at 260 326.25
Number of edges: 5
180 337.5 -70 0 2
220 337.5 -50 0 2
480 258.75 203.575 -386.665 8
300 326.25 160 0 1
140 337.5 -280 0 2

Platform at 300 326.25
Number of edges: 3
340 326.25 160 0 1
260 326.25 -160 0 1
480 258.75 166.562 -386.665 8

Platform at 140 337.5
Number of edges: 4
180 337.5 160 0 1
60 146.25 -71.4694 -506.665 8
260 326.25 105.222 -351.998 8
100 337.5 -160 0 1

Platform at 100 337.5
Number of edges: 4
40 337.5 -160 0 1
140 337.5 160 0 1
180 146.25 71.4694 -506.665 8
260 326.25 140.296 -351.998 8

Platform at 1420 382.5
Number of edges: 6
1240 438.75 -270 0 2
1280 438.75 -180 0 2
1320 438.75 -90 0 2
1360 438.75 -50 0 2
1540 348.75 168.205 -261.332 8
1460 382.5 160 0 1

Platform at 1460 382.5
Number of edges: 4
1420 382.5 -160 0 1
1540 438.75 50 0 2
1500 438.75 50 0 2
1540 348.75 112.137 -261.332 8

Platform at 1380 270
Number of edges: 5
1200 326.25 -270 0 2
1240 326.25 -180 0 2
1280 326.25 -90 0 2
1320 326.25 -50 0 2
1420 270 160 0 1

Platform at 1420 270
Number of edges: 2
1380 270 -160 0 1
1460 270 160 0 1

Platform at 1460 270
Number of edges: 2
1420 270 -160 0 1
1500 270 160 0 1

Platform at 1500 270
Number of edges: 2
1460 270 -160 0 1
1540 270 160 0 1

Platform at 1540 270
Number of edges: 1
1500 270 -160 0 1

Platform at 360 -270
Number of edges: 3
500 -225 200 0 2
540 -225 300 0 2
320 -270 -160 0 1

Platform at 320 -270
Number of edges: 1
360 -270 160 0 1

Platform at 280 -270
Number of edges: 0

Platform at 160 -270
Number of edges: 0

Platform at 20 -360
Number of edges: 1
60 -360 160 0 1

Platform at 60 -360
Number of edges: 4
20 -360 -160 0 1
280 -270 290 0 2
160 -270 170 0 2
120 -315 50 0 2

Platform at 120 -315
Number of edges: 4
320 -270 350 0 2
280 -270 250 0 2
160 -270 50 0 2
60 -360 -70.1066 -309.332 8

Platform at 160 -652.5
Number of edges: 2
120 -652.5 -160 0 1
60 -697.5 -157.525 -261.332 8

Platform at 40 -652.5
Number of edges: 0

Platform at 80 -652.5
Number of edges: 0

Platform at 120 -652.5
Number of edges: 3
160 -652.5 160 0 1
60 -765 -60.5966 -410.665 8
60 -697.5 -94.5151 -261.332 8

Platform at 60 -697.5
Number of edges: 3
160 -652.5 90 0 2
80 -652.5 50 0 2
120 -652.5 50 0 2

Platform at 700 472.5
Number of edges: 6
660 472.5 -160 0 1
840 585 130 0 2
800 585 70 0 2
760 585 50 0 2
860 438.75 163.543 -327.999 8
480 427.5 -238.69 -325.332 8

Platform at 0 -1327.5
Number of edges: 1
40 -1327.5 160 0 1

Platform at 40 -1327.5
Number of edges: 2
0 -1327.5 -160 0 1
80 -1327.5 160 0 1

Platform at 80 -1327.5
Number of edges: 2
40 -1327.5 -160 0 1
120 -1327.5 160 0 1

Platform at 120 -1327.5
Number of edges: 2
80 -1327.5 -160 0 1
160 -1327.5 160 0 1

Platform at 160 -1327.5
Number of edges: 2
120 -1327.5 -160 0 1
200 -1327.5 160 0 1

Platform at 200 -1327.5
Number of edges: 2
160 -1327.5 -160 0 1
240 -1327.5 160 0 1

Platform at 240 -1327.5
Number of edges: 2
200 -1327.5 -160 0 1
280 -1327.5 160 0 1

Platform at 280 -1327.5
Number of edges: 2
240 -1327.5 -160 0 1
320 -1327.5 160 0 1

Platform at 320 -1327.5
Number of edges: 2
280 -1327.5 -160 0 1
360 -1327.5 160 0 1

Platform at 360 -1327.5
Number of edges: 2
320 -1327.5 -160 0 1
400 -1327.5 160 0 1

Platform at 400 -1327.5
Number of edges: 2
360 -1327.5 -160 0 1
440 -1327.5 160 0 1

Platform at 440 -1327.5
Number of edges: 2
400 -1327.5 -160 0 1
480 -1327.5 160 0 1

Platform at 480 -1327.5
Number of edges: 2
440 -1327.5 -160 0 1
520 -1327.5 160 0 1

Platform at 520 -1327.5
Number of edges: 2
480 -1327.5 -160 0 1
560 -1327.5 160 0 1

Platform at 560 -1327.5
Number of edges: 2
520 -1327.5 -160 0 1
600 -1327.5 160 0 1

Platform at 600 -1327.5
Number of edges: 2
560 -1327.5 -160 0 1
640 -1327.5 160 0 1

Platform at 640 -1327.5
Number of edges: 2
600 -1327.5 -160 0 1
680 -1327.5 160 0 1

Platform at 680 -1327.5
Number of edges: 2
640 -1327.5 -160 0 1
720 -1327.5 160 0 1

Platform at 720 -1327.5
Number of edges: 2
680 -1327.5 -160 0 1
760 -1327.5 160 0 1

Platform at 760 -1327.5
Number of edges: 2
720 -1327.5 -160 0 1
800 -1327.5 160 0 1

Platform at 800 -1327.5
Number of edges: 3
760 -1327.5 -160 0 1
840 -1327.5 160 0 1
1040 -1327.5 210.938 -341.332 8

Platform at 840 -1327.5
Number of edges: 3
800 -1327.5 -160 0 1
880 -1327.5 160 0 1
1040 -1327.5 175.782 -341.332 8

Platform at 880 -1327.5
Number of edges: 3
840 -1327.5 -160 0 1
920 -1327.5 160 0 1
1040 -1327.5 141.733 -338.665 8

Platform at 920 -1327.5
Number of edges: 3
880 -1327.5 -160 0 1
960 -1327.5 160 0 1
1040 -1327.5 106.3 -338.665 8

Platform at 960 -1327.5
Number of edges: 2
920 -1327.5 -160 0 1
1040 -1327.5 70.8665 -338.665 8

Platform at 1040 -1327.5
Number of edges: 2
960 -1327.5 -70.8665 -338.665 8
1080 -1327.5 160 0 1

Platform at 1080 -1327.5
Number of edges: 3
1040 -1327.5 -160 0 1
960 -1327.5 -106.3 -338.665 8
1120 -1327.5 160 0 1

Platform at 1120 -1327.5
Number of edges: 3
1080 -1327.5 -160 0 1
960 -1327.5 -141.733 -338.665 8
1160 -1327.5 160 0 1

Platform at 1160 -1327.5
Number of edges: 3
1120 -1327.5 -160 0 1
960 -1327.5 -175.782 -341.332 8
1200 -1327.5 160 0 1

Platform at 1200 -1327.5
Number of edges: 3
1160 -1327.5 -160 0 1
960 -1327.5 -210.938 -341.332 8
1240 -1327.5 160 0 1

Platform at 1240 -1327.5
Number of edges: 2
1200 -1327.5 -160 0 1
1280 -1327.5 160 0 1

Platform at 1280 -1327.5
Number of edges: 2
1240 -1327.5 -160 0 1
1320 -1327.5 160 0 1

Platform at 1320 -1327.5
Number of edges: 2
1280 -1327.5 -160 0 1
1360 -1327.5 160 0 1

Platform at 1360 -1327.5
Number of edges: 2
1320 -1327.5 -160 0 1
1400 -1327.5 160 0 1

Platform at 1400 -1327.5
Number of edges: 2
1360 -1327.5 -160 0 1
1440 -1327.5 160 0 1

Platform at 1440 -1327.5
Number of edges: 2
1400 -1327.5 -160 0 1
1480 -1327.5 160 0 1

Platform at 1480 -1327.5
Number of edges: 2
1440 -1327.5 -160 0 1
1520 -1327.5 160 0 1

Platform at 1520 -1327.5
Number of edges: 2
1480 -1327.5 -160 0 1
1560 -1327.5 160 0 1

Platform at 1560 -1327.5
Number of edges: 1
1520 -1327.5 -160 0 1

