Platform at 0 888.75
Number of edges: 0

Platform at 40 888.75
Number of edges: 1
80 888.75 100 0 1

Platform at 80 888.75
Number of edges: 2
40 888.75 -100 0 1
120 888.75 100 0 1

Platform at 120 888.75
Number of edges: 2
80 888.75 -100 0 1
160 888.75 100 0 1

Platform at 160 888.75
Number of edges: 2
120 888.75 -100 0 1
200 888.75 100 0 1

Platform at 200 888.75
Number of edges: 2
160 888.75 -100 0 1
240 888.75 100 0 1

Platform at 240 888.75
Number of edges: 2
200 888.75 -100 0 1
280 888.75 100 0 1

Platform at 280 888.75
Number of edges: 2
240 888.75 -100 0 1
320 888.75 100 0 1

Platform at 320 888.75
Number of edges: 4
280 888.75 -100 0 1
360 888.75 100 0 1
540 843.75 296.334 -283.336 8
520 776.25 173.555 -443.336 8

Platform at 360 888.75
Number of edges: 4
320 888.75 -100 0 1
400 888.75 100 0 1
540 843.75 247.586 -280.002 8
520 776.25 138.844 -443.336 8

Platform at 400 888.75
Number of edges: 4
360 888.75 -100 0 1
440 888.75 100 0 1
540 843.75 196.804 -276.669 8
520 776.25 104.133 -443.336 8

Platform at 440 888.75
Number of edges: 4
400 888.75 -100 0 1
480 888.75 100 0 1
540 843.75 140.574 -276.669 8
520 776.25 69.4221 -443.336 8

Platform at 480 888.75
Number of edges: 2
440 888.75 -100 0 1
540 843.75 84.3445 -276.669 8

Platform at 520 888.75
Number of edges: 0

Platform at 560 888.75
Number of edges: 0

Platform at 600 888.75
Number of edges: 0

Platform at 640 888.75
Number of edges: 2
680 888.75 100 0 1
580 843.75 -84.3445 -276.669 8

Platform at 680 888.75
Number of edges: 2
640 888.75 -100 0 1
720 888.75 100 0 1

Platform at 720 888.75
Number of edges: 2
680 888.75 -100 0 1
760 888.75 100 0 1

Platform at 760 888.75
Number of edges: 2
720 888.75 -100 0 1
800 888.75 100 0 1

Platform at 800 888.75
Number of edges: 2
760 888.75 -100 0 1
840 888.75 100 0 1

Platform at 840 888.75
Number of edges: 3
800 888.75 -100 0 1
880 888.75 100 0 1
760 821.25 -69.6527 -403.336 8

Platform at 880 888.75
Number of edges: 3
840 888.75 -100 0 1
920 888.75 100 0 1
760 821.25 -103.277 -406.669 8

Platform at 920 888.75
Number of edges: 3
880 888.75 -100 0 1
960 888.75 100 0 1
760 821.25 -137.703 -406.669 8

Platform at 960 888.75
Number of edges: 4
920 888.75 -100 0 1
1000 888.75 100 0 1
760 821.25 -172.129 -406.669 8
880 697.5 -70.0791 -510.003 8

Platform at 1000 888.75
Number of edges: 3
960 888.75 -100 0 1
1040 888.75 100 0 1
880 697.5 -105.119 -510.003 8

Platform at 1040 888.75
Number of edges: 2
1000 888.75 -100 0 1
1080 888.75 100 0 1

Platform at 1080 888.75
Number of edges: 2
1040 888.75 -100 0 1
1120 888.75 100 0 1

Platform at 1120 888.75
Number of edges: 2
1080 888.75 -100 0 1
1160 888.75 100 0 1

Platform at 1160 888.75
Number of edges: 2
1120 888.75 -100 0 1
1200 888.75 100 0 1

Platform at 1200 888.75
Number of edges: 2
1160 888.75 -100 0 1
1240 888.75 100 0 1

Platform at 1240 888.75
Number of edges: 3
1200 888.75 -100 0 1
1280 888.75 100 0 1
1480 888.75 207.691 -346.669 8

Platform at 1280 888.75
Number of edges: 3
1240 888.75 -100 0 1
1320 888.75 100 0 1
1480 888.75 173.076 -346.669 8

Platform at 1320 888.75
Number of edges: 3
1280 888.75 -100 0 1
1360 888.75 100 0 1
1480 888.75 138.461 -346.669 8

Platform at 1360 888.75
Number of edges: 2
1320 888.75 -100 0 1
1480 888.75 103.845 -346.669 8

Platform at 1480 888.75
Number of edges: 2
1360 888.75 -103.845 -346.669 8
1520 888.75 100 0 1

Platform at 1520 888.75
Number of edges: 2
1480 888.75 -100 0 1
1360 888.75 -138.461 -346.669 8

Platform at 1560 888.75
Number of edges: 0

Platform at 580 843.75
Number of edges: 4
600 888.75 20 0 2
640 888.75 20 0 2
680 888.75 70 0 2
540 843.75 -100 0 1

Platform at 540 843.75
Number of edges: 6
580 843.75 100 0 1
360 888.75 -280 0 2
400 888.75 -180 0 2
440 888.75 -70 0 2
480 888.75 -20 0 2
520 888.75 -20 0 2

Platform at 680 821.25
Number of edges: 4
600 888.75 -20 0 2
640 888.75 -20 0 2
720 821.25 100 0 1
600 776.25 -103.56 -290.002 8

Platform at 720 821.25
Number of edges: 3
680 821.25 -100 0 1
760 821.25 100 0 1
600 776.25 -228.187 -243.336 8

Platform at 760 821.25
Number of edges: 6
720 821.25 -100 0 1
800 888.75 20 0 2
840 888.75 20 0 2
880 888.75 110 0 2
920 888.75 190 0 2
960 888.75 270 0 2

Platform at 600 776.25
Number of edges: 6
680 821.25 20 0 2
720 821.25 120 0 2
760 821.25 230 0 2
560 776.25 -100 0 1
700 731.25 95.656 -356.669 8
800 697.5 241.819 -343.336 8

Platform at 520 776.25
Number of edges: 7
320 888.75 -220 0 2
360 888.75 -150 0 2
400 888.75 -90 0 2
440 888.75 -20 0 2
480 888.75 -20 0 2
560 776.25 100 0 1
700 731.25 156.93 -383.336 8

Platform at 560 776.25
Number of edges: 3
600 776.25 100 0 1
520 776.25 -100 0 1
700 731.25 122.056 -383.336 8

Platform at 700 731.25
Number of edges: 8
600 888.75 -50 0 2
640 888.75 -50 0 2
680 821.25 -20 0 2
600 776.25 -70 0 2
520 776.25 -280 0 2
560 776.25 -180 0 2
740 731.25 100 0 1
800 697.5 147.342 -253.336 8

Platform at 740 731.25
Number of edges: 2
700 731.25 -100 0 1
800 697.5 88.4054 -253.336 8

Platform at 800 697.5
Number of edges: 4
700 731.25 -80 0 2
740 731.25 -20 0 2
840 697.5 100 0 1
740 630 -52.2396 -403.336 8

Platform at 840 697.5
Number of edges: 4
800 697.5 -100 0 1
880 697.5 100 0 1
740 630 -87.0659 -403.336 8
640 596.25 -188.835 -413.336 8

Platform at 880 697.5
Number of edges: 5
840 697.5 -100 0 1
920 888.75 20 0 2
960 888.75 20 0 2
1000 888.75 70 0 2
740 630 -120.49 -406.669 8

Platform at 740 630
Number of edges: 5
800 697.5 20 0 2
840 697.5 60 0 2
880 697.5 150 0 2
700 630 -100 0 1
640 596.25 -114.834 -300.002 8

Platform at 700 630
Number of edges: 2
740 630 100 0 1
640 596.25 -68.9007 -300.002 8

Platform at 640 596.25
Number of edges: 3
740 630 80 0 2
700 630 20 0 2
600 596.25 -100 0 1

Platform at 600 596.25
Number of edges: 3
640 596.25 100 0 1
520 776.25 -20 0 2
560 776.25 -20 0 2

Platform at 560 540
Number of edges: 5
640 596.25 20 0 2
600 596.25 20 0 2
520 540 -100 0 1
640 506.25 102.888 -276.669 8
640 427.5 81.0889 -410.003 8

Platform at 480 540
Number of edges: 3
520 540 100 0 1
640 506.25 166.548 -323.336 8
640 427.5 175.774 -396.669 8

Platform at 520 540
Number of edges: 4
560 540 100 0 1
480 540 -100 0 1
640 506.25 144.343 -290.002 8
640 427.5 131.83 -396.669 8

Platform at 640 506.25
Number of edges: 4
560 540 -20 0 2
480 540 -260 0 2
520 540 -140 0 2
680 506.25 100 0 1

Platform at 680 506.25
Number of edges: 2
640 506.25 -100 0 1
720 506.25 100 0 1

Platform at 720 506.25
Number of edges: 4
680 506.25 -100 0 1
760 506.25 100 0 1
640 427.5 -74.1472 -396.669 8
560 360 -153.213 -453.336 8

Platform at 760 506.25
Number of edges: 2
720 506.25 -100 0 1
640 427.5 -111.221 -396.669 8

Platform at 920 506.25
Number of edges: 2
960 506.25 100 0 1
1000 461.25 87.5657 -323.336 8

Platform at 960 506.25
Number of edges: 1
920 506.25 -100 0 1

Platform at 1000 461.25
Number of edges: 3
920 506.25 -20 0 2
960 506.25 -20 0 2
1040 461.25 100 0 1

Platform at 1040 461.25
Number of edges: 3
1000 461.25 -100 0 1
1080 461.25 100 0 1
1160 416.25 228.187 -243.336 8

Platform at 1080 461.25
Number of edges: 3
1040 461.25 -100 0 1
1120 461.25 100 0 1
1160 416.25 103.56 -290.002 8

Platform at 1120 461.25
Number of edges: 2
1080 461.25 -100 0 1
1060 371.25 -52.1592 -423.336 8

Platform at 1160 416.25
Number of edges: 6
1000 461.25 -230 0 2
1040 461.25 -120 0 2
1080 461.25 -20 0 2
1120 461.25 -20 0 2
1200 416.25 100 0 1
1060 371.25 -87.1831 -383.336 8

Platform at 1200 416.25
Number of edges: 2
1160 416.25 -100 0 1
1060 371.25 -122.056 -383.336 8

Platform at 1060 371.25
Number of edges: 6
1080 461.25 20 0 2
1120 461.25 20 0 2
1160 416.25 70 0 2
1200 416.25 180 0 2
1020 371.25 -100 0 1
920 258.75 -121.489 -443.336 8

Platform at 980 371.25
Number of edges: 3
1020 371.25 100 0 1
780 326.25 -281.148 -276.669 8
920 258.75 -52.7796 -440.003 8

Platform at 1020 371.25
Number of edges: 3
1060 371.25 100 0 1
980 371.25 -100 0 1
920 258.75 -86.7776 -443.336 8

Platform at 780 326.25
Number of edges: 2
740 326.25 -100 0 1
880 258.75 142.556 -306.669 8

Platform at 700 326.25
Number of edges: 4
740 326.25 100 0 1
880 258.75 273.502 -300.002 8
640 427.5 -20 0 2
560 360 -190 0 2

Platform at 740 326.25
Number of edges: 3
780 326.25 100 0 1
700 326.25 -100 0 1
880 258.75 212.724 -300.002 8

Platform at 880 258.75
Number of edges: 4
780 326.25 -60 0 2
700 326.25 -230 0 2
740 326.25 -150 0 2
920 258.75 100 0 1

Platform at 920 258.75
Number of edges: 4
880 258.75 -100 0 1
1060 371.25 120 0 2
980 371.25 20 0 2
1020 371.25 50 0 2

Platform at 580 157.5
Number of edges: 1
540 157.5 -100 0 1

Platform at 500 157.5
Number of edges: 1
540 157.5 100 0 1

Platform at 540 157.5
Number of edges: 2
580 157.5 100 0 1
500 157.5 -100 0 1

Platform at 780 67.5
Number of edges: 3
820 67.5 100 0 1
900 67.5 20.2033 -326.669 8
1020 67.5 117.691 -346.669 8

Platform at 820 67.5
Number of edges: 3
780 67.5 -100 0 1
900 67.5 -20.0976 -343.336 8
1020 67.5 83.0757 -346.669 8

Platform at 900 67.5
Number of edges: 5
880 258.75 70 0 2
820 67.5 -159.902 -343.336 8
940 67.5 100 0 1
1020 67.5 20.2033 -326.669 8
1140 67.5 117.691 -346.669 8

Platform at 940 67.5
Number of edges: 4
900 67.5 -100 0 1
820 67.5 -193.845 -346.669 8
1020 67.5 -20.0976 -343.336 8
1140 67.5 83.0757 -346.669 8

Platform at 1020 67.5
Number of edges: 5
820 67.5 -263.076 -346.669 8
940 67.5 -159.902 -343.336 8
1060 67.5 100 0 1
1140 67.5 20.2033 -326.669 8
1260 67.5 117.691 -346.669 8

Platform at 1060 67.5
Number of edges: 6
1020 67.5 -100 0 1
820 67.5 -297.691 -346.669 8
940 67.5 -193.845 -346.669 8
1140 67.5 -20.0976 -343.336 8
1260 67.5 83.0757 -346.669 8
1240 -67.5 63.6605 -466.669 8

Platform at 1140 67.5
Number of edges: 5
940 67.5 -263.076 -346.669 8
1060 67.5 -159.902 -343.336 8
1180 67.5 100 0 1
1260 67.5 20.2033 -326.669 8
1240 -67.5 21.1086 -420.003 8

Platform at 1180 67.5
Number of edges: 5
1140 67.5 -100 0 1
940 67.5 -297.691 -346.669 8
1060 67.5 -193.845 -346.669 8
1260 67.5 20.7681 -216.669 8
1240 -67.5 -37.2697 -460.003 8

Platform at 1260 67.5
Number of edges: 4
1060 67.5 -263.076 -346.669 8
1180 67.5 -164.226 -323.336 8
1300 67.5 100 0 1
1460 67.5 124.284 -280.002 8

Platform at 1300 67.5
Number of edges: 4
1260 67.5 -100 0 1
1180 67.5 -201.339 -323.336 8
1340 67.5 100 0 1
1460 67.5 83.4926 -276.669 8

Platform at 1340 67.5
Number of edges: 3
1300 67.5 -100 0 1
1180 67.5 -238.453 -323.336 8
1460 67.5 40.1194 -276.669 8

Platform at 1540 67.5
Number of edges: 3
1340 67.5 -216.866 -276.669 8
1500 67.5 -100 0 1
1480 -45 -52.7796 -440.003 8

Platform at 1460 67.5
Number of edges: 2
1340 67.5 -130.119 -276.669 8
1500 67.5 100 0 1

Platform at 1500 67.5
Number of edges: 3
1540 67.5 100 0 1
1460 67.5 -100 0 1
1340 67.5 -173.493 -276.669 8

Platform at 1480 -45
Number of edges: 4
1540 67.5 20 0 2
1500 67.5 20 0 2
1440 -45 -100 0 1
1320 -67.5 -139.658 -363.336 8

Platform at 1400 -45
Number of edges: 2
1440 -45 100 0 1
1320 -67.5 -69.8291 -363.336 8

Platform at 1440 -45
Number of edges: 3
1480 -45 100 0 1
1400 -45 -100 0 1
1320 -67.5 -104.744 -363.336 8

Platform at 1320 -67.5
Number of edges: 3
1400 -45 20 0 2
1440 -45 170 0 2
1280 -67.5 -100 0 1

Platform at 1240 -67.5
Number of edges: 4
1060 67.5 -170 0 2
1140 67.5 -50 0 2
1180 67.5 -20 0 2
1280 -67.5 100 0 1

Platform at 1280 -67.5
Number of edges: 2
1320 -67.5 100 0 1
1240 -67.5 -100 0 1

Platform at 400 -146.25
Number of edges: 2
360 -146.25 -100 0 1
240 -191.25 -139.493 -383.336 8

Platform at 280 -146.25
Number of edges: 1
320 -146.25 100 0 1

Platform at 320 -146.25
Number of edges: 4
280 -146.25 -100 0 1
360 -146.25 100 0 1
240 -191.25 -69.7465 -383.336 8
100 -236.25 -188.899 -426.669 8

Platform at 360 -146.25
Number of edges: 3
400 -146.25 100 0 1
320 -146.25 -100 0 1
240 -191.25 -104.62 -383.336 8

Platform at 240 -191.25
Number of edges: 6
400 -146.25 230 0 2
280 -146.25 20 0 2
320 -146.25 20 0 2
360 -146.25 120 0 2
200 -191.25 -100 0 1
100 -236.25 -122.056 -383.336 8

Platform at 160 -191.25
Number of edges: 2
200 -191.25 100 0 1
100 -236.25 -52.3098 -383.336 8

Platform at 200 -191.25
Number of edges: 3
240 -191.25 100 0 1
160 -191.25 -100 0 1
100 -236.25 -87.1831 -383.336 8

Platform at 20 -236.25
Number of edges: 2
60 -236.25 100 0 1
100 -450 69.9487 -530.003 8

Platform at 60 -236.25
Number of edges: 2
20 -236.25 -100 0 1
100 -236.25 100 0 1

Platform at 100 -236.25
Number of edges: 4
60 -236.25 -100 0 1
240 -191.25 180 0 2
160 -191.25 20 0 2
200 -191.25 70 0 2

Platform at 100 -450
Number of edges: 4
20 -236.25 -20 0 2
60 -236.25 -20 0 2
140 -450 100 0 1
280 -483.75 153.771 -380.003 8

Platform at 140 -450
Number of edges: 3
100 -450 -100 0 1
180 -450 100 0 1
280 -483.75 122.131 -373.336 8

Platform at 180 -450
Number of edges: 3
140 -450 -100 0 1
220 -450 100 0 1
280 -483.75 87.2363 -373.336 8

Platform at 220 -450
Number of edges: 2
180 -450 -100 0 1
280 -483.75 52.3418 -373.336 8

Platform at 280 -483.75
Number of edges: 4
140 -450 -200 0 2
180 -450 -80 0 2
220 -450 -20 0 2
320 -483.75 100 0 1

Platform at 320 -483.75
Number of edges: 3
280 -483.75 -100 0 1
360 -483.75 100 0 1
540 -483.75 190.383 -346.669 8

Platform at 360 -483.75
Number of edges: 3
320 -483.75 -100 0 1
400 -483.75 100 0 1
540 -483.75 155.768 -346.669 8

Platform at 400 -483.75
Number of edges: 3
360 -483.75 -100 0 1
440 -483.75 100 0 1
540 -483.75 121.153 -346.669 8

Platform at 440 -483.75
Number of edges: 2
400 -483.75 -100 0 1
540 -483.75 87.378 -343.336 8

Platform at 540 -483.75
Number of edges: 3
440 -483.75 -87.378 -343.336 8
580 -483.75 100 0 1
760 -517.5 187.943 -380.003 8

Platform at 580 -483.75
Number of edges: 4
540 -483.75 -100 0 1
440 -483.75 -121.153 -346.669 8
620 -483.75 100 0 1
760 -517.5 153.771 -380.003 8

Platform at 620 -483.75
Number of edges: 4
580 -483.75 -100 0 1
440 -483.75 -155.768 -346.669 8
660 -483.75 100 0 1
760 -517.5 122.131 -373.336 8

Platform at 660 -483.75
Number of edges: 4
620 -483.75 -100 0 1
440 -483.75 -190.383 -346.669 8
700 -483.75 100 0 1
760 -517.5 87.2363 -373.336 8

Platform at 700 -483.75
Number of edges: 2
660 -483.75 -100 0 1
760 -517.5 52.3418 -373.336 8

Platform at 760 -517.5
Number of edges: 5
620 -483.75 -200 0 2
660 -483.75 -80 0 2
700 -483.75 -20 0 2
800 -517.5 100 0 1
940 -517.5 155.768 -346.669 8

Platform at 800 -517.5
Number of edges: 3
760 -517.5 -100 0 1
840 -517.5 100 0 1
940 -517.5 121.153 -346.669 8

Platform at 840 -517.5
Number of edges: 2
800 -517.5 -100 0 1
940 -517.5 87.378 -343.336 8

Platform at 940 -517.5
Number of edges: 3
840 -517.5 -87.378 -343.336 8
980 -517.5 100 0 1
1080 -562.5 122.056 -383.336 8

Platform at 980 -517.5
Number of edges: 4
940 -517.5 -100 0 1
840 -517.5 -121.153 -346.669 8
1020 -517.5 100 0 1
1080 -562.5 87.1831 -383.336 8

Platform at 1020 -517.5
Number of edges: 3
980 -517.5 -100 0 1
840 -517.5 -155.768 -346.669 8
1080 -562.5 52.3098 -383.336 8

Platform at 1080 -562.5
Number of edges: 4
940 -517.5 -180 0 2
980 -517.5 -70 0 2
1020 -517.5 -20 0 2
1120 -562.5 100 0 1

Platform at 1120 -562.5
Number of edges: 1
1080 -562.5 -100 0 1

Platform at 1260 -607.5
Number of edges: 1
1380 -731.25 104.03 -53.3357 8

Platform at 1300 -607.5
Number of edges: 2
1380 -731.25 69.3531 -53.3357 8
1220 -787.5 -70.1345 -100.002 8

Platform at 1540 -731.25
Number of edges: 1
1500 -731.25 -100 0 1

Platform at 1380 -731.25
Number of edges: 4
1260 -607.5 -80 0 2
1300 -607.5 -20 0 2
1420 -731.25 100 0 1
1220 -787.5 -137.849 -396.669 8

Platform at 1420 -731.25
Number of edges: 3
1380 -731.25 -100 0 1
1460 -731.25 100 0 1
1220 -787.5 -172.311 -396.669 8

Platform at 1460 -731.25
Number of edges: 2
1420 -731.25 -100 0 1
1500 -731.25 100 0 1

Platform at 1500 -731.25
Number of edges: 2
1540 -731.25 100 0 1
1460 -731.25 -100 0 1

Platform at 1220 -787.5
Number of edges: 5
1260 -607.5 20 0 2
1300 -607.5 20 0 2
1380 -731.25 200 0 2
1420 -731.25 290 0 2
1180 -787.5 -100 0 1

Platform at 1100 -787.5
Number of edges: 2
1140 -787.5 100 0 1
920 -821.25 -153.771 -380.003 8

Platform at 1140 -787.5
Number of edges: 3
1100 -787.5 -100 0 1
1180 -787.5 100 0 1
920 -821.25 -187.943 -380.003 8

Platform at 1180 -787.5
Number of edges: 2
1220 -787.5 100 0 1
1140 -787.5 -100 0 1

Platform at 920 -821.25
Number of edges: 1
880 -821.25 -100 0 1

Platform at 840 -821.25
Number of edges: 1
880 -821.25 100 0 1

Platform at 880 -821.25
Number of edges: 2
920 -821.25 100 0 1
840 -821.25 -100 0 1

Platform at 320 -888.75
Number of edges: 2
280 -888.75 -100 0 1
200 -945 -103.387 -396.669 8

Platform at 40 -888.75
Number of edges: 1
80 -888.75 100 0 1

Platform at 80 -888.75
Number of edges: 2
40 -888.75 -100 0 1
120 -888.75 100 0 1

Platform at 120 -888.75
Number of edges: 2
80 -888.75 -100 0 1
160 -888.75 100 0 1

Platform at 160 -888.75
Number of edges: 2
120 -888.75 -100 0 1
200 -888.75 100 0 1

Platform at 200 -888.75
Number of edges: 2
160 -888.75 -100 0 1
240 -888.75 100 0 1

Platform at 240 -888.75
Number of edges: 2
200 -888.75 -100 0 1
280 -888.75 100 0 1

Platform at 280 -888.75
Number of edges: 4
320 -888.75 100 0 1
240 -888.75 -100 0 1
200 -945 -69.7011 -393.336 8
60 -978.75 -201.477 -410.003 8

Platform at 200 -945
Number of edges: 5
320 -888.75 110 0 2
240 -888.75 20 0 2
280 -888.75 20 0 2
160 -945 -100 0 1
60 -978.75 -193.917 -263.336 8

Platform at 120 -945
Number of edges: 2
160 -945 100 0 1
60 -978.75 -88.4054 -253.336 8

Platform at 160 -945
Number of edges: 3
200 -945 100 0 1
120 -945 -100 0 1
60 -978.75 -147.342 -253.336 8

Platform at 20 -978.75
Number of edges: 2
60 -978.75 100 0 1
80 -1113.75 52.7303 -460.003 8

Platform at 60 -978.75
Number of edges: 4
20 -978.75 -100 0 1
200 -945 200 0 2
120 -945 20 0 2
160 -945 80 0 2

Platform at 80 -1113.75
Number of edges: 3
20 -978.75 -20 0 2
60 -978.75 -20 0 2
120 -1113.75 100 0 1

Platform at 120 -1113.75
Number of edges: 2
80 -1113.75 -100 0 1
160 -1113.75 100 0 1

Platform at 160 -1113.75
Number of edges: 2
120 -1113.75 -100 0 1
380 -1113.75 190.383 -346.669 8

Platform at 380 -1113.75
Number of edges: 3
320 -888.75 -20 0 2
420 -1113.75 100 0 1
500 -1136.25 104.744 -363.336 8

Platform at 420 -1113.75
Number of edges: 2
380 -1113.75 -100 0 1
500 -1136.25 69.8291 -363.336 8

Platform at 500 -1136.25
Number of edges: 4
380 -1113.75 -170 0 2
420 -1113.75 -20 0 2
540 -1136.25 100 0 1
740 -1136.25 207.691 -346.669 8

Platform at 540 -1136.25
Number of edges: 3
500 -1136.25 -100 0 1
580 -1136.25 100 0 1
740 -1136.25 173.076 -346.669 8

Platform at 580 -1136.25
Number of edges: 3
540 -1136.25 -100 0 1
620 -1136.25 100 0 1
740 -1136.25 138.461 -346.669 8

Platform at 620 -1136.25
Number of edges: 2
580 -1136.25 -100 0 1
740 -1136.25 103.845 -346.669 8

Platform at 740 -1136.25
Number of edges: 1
620 -1136.25 -103.845 -346.669 8

Platform at 940 -1136.25
Number of edges: 2
980 -1136.25 100 0 1
1060 -1158.75 104.744 -363.336 8

Platform at 980 -1136.25
Number of edges: 2
940 -1136.25 -100 0 1
1060 -1158.75 69.8291 -363.336 8

Platform at 1060 -1158.75
Number of edges: 4
940 -1136.25 -170 0 2
980 -1136.25 -20 0 2
1100 -1158.75 100 0 1
1220 -1192.5 46.6858 -380.003 8

Platform at 1100 -1158.75
Number of edges: 3
1060 -1158.75 -100 0 1
1140 -1158.75 100 0 1
1220 -1192.5 20.5754 -356.669 8

Platform at 1140 -1158.75
Number of edges: 3
1100 -1158.75 -100 0 1
1180 -1158.75 100 0 1
1220 -1192.5 -20.211 -373.336 8

Platform at 1180 -1158.75
Number of edges: 1
1140 -1158.75 -100 0 1

Platform at 1220 -1192.5
Number of edges: 6
1100 -1158.75 -140 0 2
1140 -1158.75 -20 0 2
1180 -1158.75 70 0 2
1260 -1192.5 100 0 1
1440 -1192.5 148.552 -276.669 8
1340 -1305 41.8303 -396.669 8

Platform at 1260 -1192.5
Number of edges: 3
1220 -1192.5 -100 0 1
1300 -1192.5 100 0 1
1440 -1192.5 105.179 -276.669 8

Platform at 1300 -1192.5
Number of edges: 2
1260 -1192.5 -100 0 1
1440 -1192.5 61.806 -276.669 8

Platform at 1440 -1192.5
Number of edges: 2
1300 -1192.5 -151.806 -276.669 8
1480 -1192.5 100 0 1

Platform at 1480 -1192.5
Number of edges: 3
1440 -1192.5 -100 0 1
1300 -1192.5 -195.179 -276.669 8
1520 -1192.5 100 0 1

Platform at 1520 -1192.5
Number of edges: 2
1480 -1192.5 -100 0 1
1300 -1192.5 -299.997 -220.002 8

Platform at 1540 -1271.25
Number of edges: 2
1500 -1271.25 -100 0 1
1420 -1305 -176.811 -253.336 8

Platform at 1500 -1271.25
Number of edges: 4
1540 -1271.25 100 0 1
1440 -1192.5 -20 0 2
1480 -1192.5 -20 0 2
1420 -1305 -117.874 -253.336 8

Platform at 1420 -1305
Number of edges: 3
1540 -1271.25 140 0 2
1500 -1271.25 20 0 2
1380 -1305 -100 0 1

Platform at 1340 -1305
Number of edges: 5
1180 -1158.75 -210 0 2
1220 -1192.5 -90 0 2
1260 -1192.5 -20 0 2
1300 -1192.5 -20 0 2
1380 -1305 100 0 1

Platform at 1380 -1305
Number of edges: 4
1420 -1305 100 0 1
1340 -1305 -100 0 1
1320 -1372.5 -52.2396 -403.336 8
1440 -1372.5 52.2396 -403.336 8

Platform at 640 427.5
Number of edges: 8
560 540 -20 0 2
480 540 -150 0 2
520 540 -90 0 2
680 506.25 20 0 2
720 506.25 20 0 2
760 506.25 100 0 2
700 326.25 52.1146 -433.336 8
560 360 -69.6527 -403.336 8

Platform at 560 360
Number of edges: 5
680 506.25 180 0 2
720 506.25 180 0 2
700 326.25 126.155 -363.336 8
640 427.5 20 0 2
520 360 -100 0 1

Platform at 520 360
Number of edges: 3
560 360 100 0 1
480 540 -20 0 2
700 326.25 162.199 -363.336 8

Platform at 0 -1372.5
Number of edges: 1
40 -1372.5 100 0 1

Platform at 40 -1372.5
Number of edges: 2
0 -1372.5 -100 0 1
80 -1372.5 100 0 1

Platform at 80 -1372.5
Number of edges: 2
40 -1372.5 -100 0 1
120 -1372.5 100 0 1

Platform at 120 -1372.5
Number of edges: 2
80 -1372.5 -100 0 1
160 -1372.5 100 0 1

Platform at 160 -1372.5
Number of edges: 2
120 -1372.5 -100 0 1
200 -1372.5 100 0 1

Platform at 200 -1372.5
Number of edges: 2
160 -1372.5 -100 0 1
240 -1372.5 100 0 1

Platform at 240 -1372.5
Number of edges: 2
200 -1372.5 -100 0 1
280 -1372.5 100 0 1

Platform at 280 -1372.5
Number of edges: 2
240 -1372.5 -100 0 1
320 -1372.5 100 0 1

Platform at 320 -1372.5
Number of edges: 2
280 -1372.5 -100 0 1
360 -1372.5 100 0 1

Platform at 360 -1372.5
Number of edges: 2
320 -1372.5 -100 0 1
400 -1372.5 100 0 1

Platform at 400 -1372.5
Number of edges: 2
360 -1372.5 -100 0 1
440 -1372.5 100 0 1

Platform at 440 -1372.5
Number of edges: 2
400 -1372.5 -100 0 1
480 -1372.5 100 0 1

Platform at 480 -1372.5
Number of edges: 2
440 -1372.5 -100 0 1
520 -1372.5 100 0 1

Platform at 520 -1372.5
Number of edges: 2
480 -1372.5 -100 0 1
560 -1372.5 100 0 1

Platform at 560 -1372.5
Number of edges: 2
520 -1372.5 -100 0 1
600 -1372.5 100 0 1

Platform at 600 -1372.5
Number of edges: 2
560 -1372.5 -100 0 1
640 -1372.5 100 0 1

Platform at 640 -1372.5
Number of edges: 2
600 -1372.5 -100 0 1
680 -1372.5 100 0 1

Platform at 680 -1372.5
Number of edges: 2
640 -1372.5 -100 0 1
720 -1372.5 100 0 1

Platform at 720 -1372.5
Number of edges: 2
680 -1372.5 -100 0 1
760 -1372.5 100 0 1

Platform at 760 -1372.5
Number of edges: 2
720 -1372.5 -100 0 1
800 -1372.5 100 0 1

Platform at 800 -1372.5
Number of edges: 2
760 -1372.5 -100 0 1
840 -1372.5 100 0 1

Platform at 840 -1372.5
Number of edges: 2
800 -1372.5 -100 0 1
880 -1372.5 100 0 1

Platform at 880 -1372.5
Number of edges: 2
840 -1372.5 -100 0 1
920 -1372.5 100 0 1

Platform at 920 -1372.5
Number of edges: 2
880 -1372.5 -100 0 1
960 -1372.5 100 0 1

Platform at 960 -1372.5
Number of edges: 2
920 -1372.5 -100 0 1
1000 -1372.5 100 0 1

Platform at 1000 -1372.5
Number of edges: 2
960 -1372.5 -100 0 1
1040 -1372.5 100 0 1

Platform at 1040 -1372.5
Number of edges: 2
1000 -1372.5 -100 0 1
1080 -1372.5 100 0 1

Platform at 1080 -1372.5
Number of edges: 2
1040 -1372.5 -100 0 1
1120 -1372.5 100 0 1

Platform at 1120 -1372.5
Number of edges: 2
1080 -1372.5 -100 0 1
1160 -1372.5 100 0 1

Platform at 1160 -1372.5
Number of edges: 2
1120 -1372.5 -100 0 1
1200 -1372.5 100 0 1

Platform at 1200 -1372.5
Number of edges: 3
1160 -1372.5 -100 0 1
1240 -1372.5 100 0 1
1440 -1372.5 207.691 -346.669 8

Platform at 1240 -1372.5
Number of edges: 3
1200 -1372.5 -100 0 1
1280 -1372.5 100 0 1
1440 -1372.5 173.076 -346.669 8

Platform at 1280 -1372.5
Number of edges: 3
1240 -1372.5 -100 0 1
1320 -1372.5 100 0 1
1440 -1372.5 138.461 -346.669 8

Platform at 1320 -1372.5
Number of edges: 5
1280 -1372.5 -100 0 1
1420 -1305 60 0 2
1340 -1305 20 0 2
1380 -1305 20 0 2
1440 -1372.5 103.845 -346.669 8

Platform at 1440 -1372.5
Number of edges: 5
1420 -1305 -20 0 2
1340 -1305 -60 0 2
1380 -1305 -20 0 2
1320 -1372.5 -103.845 -346.669 8
1480 -1372.5 100 0 1

Platform at 1480 -1372.5
Number of edges: 3
1440 -1372.5 -100 0 1
1320 -1372.5 -138.461 -346.669 8
1520 -1372.5 100 0 1

Platform at 1520 -1372.5
Number of edges: 3
1480 -1372.5 -100 0 1
1320 -1372.5 -173.076 -346.669 8
1560 -1372.5 100 0 1

Platform at 1560 -1372.5
Number of edges: 2
1520 -1372.5 -100 0 1
1320 -1372.5 -207.691 -346.669 8

