Platform at 0 888.75
Number of edges: 0

Platform at 40 888.75
Number of edges: 1
80 888.75 160 0 1

Platform at 80 888.75
Number of edges: 2
40 888.75 -160 0 1
120 888.75 160 0 1

Platform at 120 888.75
Number of edges: 2
80 888.75 -160 0 1
160 888.75 160 0 1

Platform at 160 888.75
Number of edges: 2
120 888.75 -160 0 1
200 888.75 160 0 1

Platform at 200 888.75
Number of edges: 2
160 888.75 -160 0 1
240 888.75 160 0 1

Platform at 240 888.75
Number of edges: 2
200 888.75 -160 0 1
280 888.75 160 0 1

Platform at 280 888.75
Number of edges: 2
240 888.75 -160 0 1
320 888.75 160 0 1

Platform at 320 888.75
Number of edges: 4
280 888.75 -160 0 1
360 888.75 160 0 1
540 843.75 339.088 -263.999 8
520 776.25 175.935 -439.998 8

Platform at 360 888.75
Number of edges: 4
320 888.75 -160 0 1
400 888.75 160 0 1
540 843.75 283.545 -261.332 8
520 776.25 140.748 -439.998 8

Platform at 400 888.75
Number of edges: 4
360 888.75 -160 0 1
440 888.75 160 0 1
540 843.75 220.535 -261.332 8
520 776.25 106.742 -437.331 8

Platform at 440 888.75
Number of edges: 4
400 888.75 -160 0 1
480 888.75 160 0 1
540 843.75 157.525 -261.332 8
520 776.25 71.1616 -437.331 8

Platform at 480 888.75
Number of edges: 2
440 888.75 -160 0 1
540 843.75 94.5151 -261.332 8

Platform at 520 888.75
Number of edges: 0

Platform at 560 888.75
Number of edges: 0

Platform at 600 888.75
Number of edges: 0

Platform at 640 888.75
Number of edges: 2
680 888.75 160 0 1
580 843.75 -94.5151 -261.332 8

Platform at 680 888.75
Number of edges: 2
640 888.75 -160 0 1
720 888.75 160 0 1

Platform at 720 888.75
Number of edges: 2
680 888.75 -160 0 1
760 888.75 160 0 1

Platform at 760 888.75
Number of edges: 2
720 888.75 -160 0 1
800 888.75 160 0 1

Platform at 800 888.75
Number of edges: 2
760 888.75 -160 0 1
840 888.75 160 0 1

Platform at 840 888.75
Number of edges: 3
800 888.75 -160 0 1
880 888.75 160 0 1
760 821.25 -71.1543 -397.332 8

Platform at 880 888.75
Number of edges: 3
840 888.75 -160 0 1
920 888.75 160 0 1
760 821.25 -105.717 -399.998 8

Platform at 920 888.75
Number of edges: 3
880 888.75 -160 0 1
960 888.75 160 0 1
760 821.25 -140.956 -399.998 8

Platform at 960 888.75
Number of edges: 4
920 888.75 -160 0 1
1000 888.75 160 0 1
760 821.25 -176.195 -399.998 8
880 697.5 -71.4694 -506.665 8

Platform at 1000 888.75
Number of edges: 3
960 888.75 -160 0 1
1040 888.75 160 0 1
880 697.5 -107.204 -506.665 8

Platform at 1040 888.75
Number of edges: 2
1000 888.75 -160 0 1
1080 888.75 160 0 1

Platform at 1080 888.75
Number of edges: 2
1040 888.75 -160 0 1
1120 888.75 160 0 1

Platform at 1120 888.75
Number of edges: 2
1080 888.75 -160 0 1
1160 888.75 160 0 1

Platform at 1160 888.75
Number of edges: 2
1120 888.75 -160 0 1
1200 888.75 160 0 1

Platform at 1200 888.75
Number of edges: 2
1160 888.75 -160 0 1
1240 888.75 160 0 1

Platform at 1240 888.75
Number of edges: 3
1200 888.75 -160 0 1
1280 888.75 160 0 1
1480 888.75 210.938 -341.332 8

Platform at 1280 888.75
Number of edges: 3
1240 888.75 -160 0 1
1320 888.75 160 0 1
1480 888.75 175.782 -341.332 8

Platform at 1320 888.75
Number of edges: 3
1280 888.75 -160 0 1
1360 888.75 160 0 1
1480 888.75 141.733 -338.665 8

Platform at 1360 888.75
Number of edges: 2
1320 888.75 -160 0 1
1480 888.75 106.3 -338.665 8

Platform at 1480 888.75
Number of edges: 2
1360 888.75 -106.3 -338.665 8
1520 888.75 160 0 1

Platform at 1520 888.75
Number of edges: 2
1480 888.75 -160 0 1
1360 888.75 -141.733 -338.665 8

Platform at 1560 888.75
Number of edges: 0

Platform at 580 843.75
Number of edges: 4
600 888.75 50 0 2
640 888.75 50 0 2
680 888.75 90 0 2
540 843.75 -160 0 1

Platform at 540 843.75
Number of edges: 6
580 843.75 160 0 1
360 888.75 -300 0 2
400 888.75 -200 0 2
440 888.75 -90 0 2
480 888.75 -50 0 2
520 888.75 -50 0 2

Platform at 680 821.25
Number of edges: 4
600 888.75 -50 0 2
640 888.75 -50 0 2
720 821.25 160 0 1
600 776.25 -103.166 -290.665 8

Platform at 720 821.25
Number of edges: 2
680 821.25 -160 0 1
760 821.25 160 0 1

Platform at 760 821.25
Number of edges: 6
720 821.25 -160 0 1
800 888.75 50 0 2
840 888.75 50 0 2
880 888.75 120 0 2
920 888.75 210 0 2
960 888.75 290 0 2

Platform at 600 776.25
Number of edges: 5
680 821.25 50 0 2
720 821.25 150 0 2
560 776.25 -160 0 1
700 731.25 96.3706 -354.665 8
800 697.5 271.26 -327.999 8

Platform at 520 776.25
Number of edges: 7
320 888.75 -230 0 2
360 888.75 -160 0 2
400 888.75 -100 0 2
440 888.75 -50 0 2
480 888.75 -50 0 2
560 776.25 160 0 1
700 731.25 159.376 -378.665 8

Platform at 560 776.25
Number of edges: 3
600 776.25 160 0 1
520 776.25 -160 0 1
700 731.25 123.959 -378.665 8

Platform at 700 731.25
Number of edges: 7
600 888.75 -60 0 2
640 888.75 -50 0 2
600 776.25 -90 0 2
520 776.25 -300 0 2
560 776.25 -200 0 2
740 731.25 160 0 1
800 697.5 168.842 -234.665 8

Platform at 740 731.25
Number of edges: 2
700 731.25 -160 0 1
800 697.5 101.305 -234.665 8

Platform at 800 697.5
Number of edges: 5
600 776.25 -310 0 2
700 731.25 -110 0 2
740 731.25 -50 0 2
840 697.5 160 0 1
740 630 -53.3657 -397.332 8

Platform at 840 697.5
Number of edges: 4
800 697.5 -160 0 1
880 697.5 160 0 1
740 630 -88.0973 -399.998 8
640 596.25 -198.591 -402.665 8

Platform at 880 697.5
Number of edges: 5
840 697.5 -160 0 1
920 888.75 50 0 2
960 888.75 50 0 2
1000 888.75 80 0 2
740 630 -123.336 -399.998 8

Platform at 740 630
Number of edges: 5
800 697.5 50 0 2
840 697.5 80 0 2
880 697.5 160 0 2
700 630 -160 0 1
640 596.25 -123.05 -285.332 8

Platform at 700 630
Number of edges: 2
740 630 160 0 1
640 596.25 -73.8302 -285.332 8

Platform at 640 596.25
Number of edges: 4
840 697.5 310 0 2
740 630 110 0 2
700 630 50 0 2
600 596.25 -160 0 1

Platform at 600 596.25
Number of edges: 3
640 596.25 160 0 1
520 776.25 -50 0 2
560 776.25 -50 0 2

Platform at 560 540
Number of edges: 5
640 596.25 50 0 2
600 596.25 50 0 2
520 540 -160 0 1
640 506.25 112.137 -261.332 8
640 427.5 81.9987 -407.998 8

Platform at 480 540
Number of edges: 3
520 540 160 0 1
640 506.25 182.645 -301.332 8
640 427.5 189.304 -386.665 8

Platform at 520 540
Number of edges: 4
560 540 160 0 1
480 540 -160 0 1
640 506.25 155.982 -274.665 8
640 427.5 138.972 -389.332 8

Platform at 640 506.25
Number of edges: 4
560 540 -50 0 2
480 540 -280 0 2
520 540 -160 0 2
680 506.25 160 0 1

Platform at 680 506.25
Number of edges: 2
640 506.25 -160 0 1
720 506.25 160 0 1

Platform at 720 506.25
Number of edges: 4
680 506.25 -160 0 1
760 506.25 160 0 1
640 427.5 -77.269 -386.665 8
560 360 -153.217 -453.331 8

Platform at 760 506.25
Number of edges: 2
720 506.25 -160 0 1
640 427.5 -115.903 -386.665 8

Platform at 920 506.25
Number of edges: 2
960 506.25 160 0 1
1000 461.25 93.4754 -309.332 8

Platform at 960 506.25
Number of edges: 1
920 506.25 -160 0 1

Platform at 1000 461.25
Number of edges: 3
920 506.25 -50 0 2
960 506.25 -50 0 2
1040 461.25 160 0 1

Platform at 1040 461.25
Number of edges: 2
1000 461.25 -160 0 1
1080 461.25 160 0 1

Platform at 1080 461.25
Number of edges: 3
1040 461.25 -160 0 1
1120 461.25 160 0 1
1160 416.25 103.166 -290.665 8

Platform at 1120 461.25
Number of edges: 2
1080 461.25 -160 0 1
1060 371.25 -53.0935 -418.665 8

Platform at 1160 416.25
Number of edges: 5
1040 461.25 -150 0 2
1080 461.25 -50 0 2
1120 461.25 -50 0 2
1200 416.25 160 0 1
1060 371.25 -88.5423 -378.665 8

Platform at 1200 416.25
Number of edges: 2
1160 416.25 -160 0 1
1060 371.25 -123.959 -378.665 8

Platform at 1060 371.25
Number of edges: 5
1120 461.25 50 0 2
1160 416.25 90 0 2
1200 416.25 200 0 2
1020 371.25 -160 0 1
920 258.75 -123.155 -439.998 8

Platform at 980 371.25
Number of edges: 3
1020 371.25 160 0 1
780 326.25 -315.05 -261.332 8
920 258.75 -53.3712 -437.331 8

Platform at 1020 371.25
Number of edges: 3
1060 371.25 160 0 1
980 371.25 -160 0 1
920 258.75 -88.952 -437.331 8

Platform at 780 326.25
Number of edges: 3
980 371.25 350 0 2
740 326.25 -160 0 1
880 258.75 159.011 -295.999 8

Platform at 700 326.25
Number of edges: 5
740 326.25 160 0 1
880 258.75 325.222 -287.999 8
640 427.5 -50 0 2
560 360 -210 0 2
520 360 -340 0 2

Platform at 740 326.25
Number of edges: 3
780 326.25 160 0 1
700 326.25 -160 0 1
880 258.75 240.199 -290.665 8

Platform at 880 258.75
Number of edges: 5
780 326.25 -80 0 2
700 326.25 -250 0 2
740 326.25 -160 0 2
920 258.75 160 0 1
820 67.5 -53.6021 -506.665 8

Platform at 920 258.75
Number of edges: 4
880 258.75 -160 0 1
1060 371.25 130 0 2
980 371.25 50 0 2
1020 371.25 70 0 2

Platform at 580 157.5
Number of edges: 1
540 157.5 -160 0 1

Platform at 500 157.5
Number of edges: 1
540 157.5 160 0 1

Platform at 540 157.5
Number of edges: 2
580 157.5 160 0 1
500 157.5 -160 0 1

Platform at 780 67.5
Number of edges: 3
820 67.5 160 0 1
900 67.5 50.6257 -255.999 8
1020 67.5 120.938 -341.332 8

Platform at 820 67.5
Number of edges: 3
780 67.5 -160 0 1
900 67.5 50.6261 -170.665 8
1020 67.5 85.782 -341.332 8

Platform at 900 67.5
Number of edges: 5
880 258.75 40 0 2
820 67.5 -160.866 -338.665 8
940 67.5 160 0 1
1020 67.5 50.6257 -255.999 8
1140 67.5 120.938 -341.332 8

Platform at 940 67.5
Number of edges: 4
900 67.5 -160 0 1
820 67.5 -196.3 -338.665 8
1020 67.5 50.6261 -170.665 8
1140 67.5 85.782 -341.332 8

Platform at 1020 67.5
Number of edges: 5
820 67.5 -265.782 -341.332 8
940 67.5 -160.866 -338.665 8
1060 67.5 160 0 1
1140 67.5 50.6257 -255.999 8
1260 67.5 120.938 -341.332 8

Platform at 1060 67.5
Number of edges: 6
1020 67.5 -160 0 1
820 67.5 -300.938 -341.332 8
940 67.5 -196.3 -338.665 8
1140 67.5 50.6261 -170.665 8
1260 67.5 85.782 -341.332 8
1240 -67.5 67.2558 -461.331 8

Platform at 1140 67.5
Number of edges: 4
940 67.5 -265.782 -341.332 8
1060 67.5 -160.866 -338.665 8
1180 67.5 160 0 1
1260 67.5 50.6257 -255.999 8

Platform at 1180 67.5
Number of edges: 4
1140 67.5 -160 0 1
940 67.5 -300.938 -341.332 8
1060 67.5 -196.3 -338.665 8
1260 67.5 50.6261 -170.665 8

Platform at 1260 67.5
Number of edges: 4
1060 67.5 -265.782 -341.332 8
1180 67.5 -167.587 -309.332 8
1300 67.5 160 0 1
1460 67.5 139.593 -261.332 8

Platform at 1300 67.5
Number of edges: 5
1260 67.5 -160 0 1
1060 67.5 -318.815 -314.665 8
1180 67.5 -206.38 -309.332 8
1340 67.5 160 0 1
1460 67.5 93.6743 -261.332 8

Platform at 1340 67.5
Number of edges: 3
1300 67.5 -160 0 1
1180 67.5 -245.173 -309.332 8
1460 67.5 50.6257 -255.999 8

Platform at 1540 67.5
Number of edges: 3
1340 67.5 -229.593 -261.332 8
1500 67.5 -160 0 1
1480 -45 -53.3712 -437.331 8

Platform at 1460 67.5
Number of edges: 2
1340 67.5 -137.756 -261.332 8
1500 67.5 160 0 1

Platform at 1500 67.5
Number of edges: 3
1540 67.5 160 0 1
1460 67.5 -160 0 1
1340 67.5 -183.674 -261.332 8

Platform at 1480 -45
Number of edges: 3
1540 67.5 50 0 2
1440 -45 -160 0 1
1320 -67.5 -139.948 -362.665 8

Platform at 1400 -45
Number of edges: 2
1440 -45 160 0 1
1320 -67.5 -70.5562 -359.998 8

Platform at 1440 -45
Number of edges: 3
1480 -45 160 0 1
1400 -45 -160 0 1
1320 -67.5 -105.834 -359.998 8

Platform at 1320 -67.5
Number of edges: 4
1480 -45 340 0 2
1400 -45 50 0 2
1440 -45 200 0 2
1280 -67.5 -160 0 1

Platform at 1240 -67.5
Number of edges: 4
1060 67.5 -180 0 2
1140 67.5 -60 0 2
1180 67.5 -50 0 2
1280 -67.5 160 0 1

Platform at 1280 -67.5
Number of edges: 2
1320 -67.5 160 0 1
1240 -67.5 -160 0 1

Platform at 400 -146.25
Number of edges: 2
360 -146.25 -160 0 1
240 -191.25 -141.668 -378.665 8

Platform at 280 -146.25
Number of edges: 1
320 -146.25 160 0 1

Platform at 320 -146.25
Number of edges: 4
280 -146.25 -160 0 1
360 -146.25 160 0 1
240 -191.25 -70.8339 -378.665 8
100 -236.25 -190.777 -423.998 8

Platform at 360 -146.25
Number of edges: 3
400 -146.25 160 0 1
320 -146.25 -160 0 1
240 -191.25 -106.251 -378.665 8

Platform at 240 -191.25
Number of edges: 6
400 -146.25 250 0 2
280 -146.25 50 0 2
320 -146.25 50 0 2
360 -146.25 150 0 2
200 -191.25 -160 0 1
100 -236.25 -123.959 -378.665 8

Platform at 160 -191.25
Number of edges: 2
200 -191.25 160 0 1
100 -236.25 -53.1254 -378.665 8

Platform at 200 -191.25
Number of edges: 3
240 -191.25 160 0 1
160 -191.25 -160 0 1
100 -236.25 -88.5423 -378.665 8

Platform at 20 -236.25
Number of edges: 2
60 -236.25 160 0 1
100 -450 70.8729 -527.998 8

Platform at 60 -236.25
Number of edges: 2
20 -236.25 -160 0 1
100 -236.25 160 0 1

Platform at 100 -236.25
Number of edges: 4
60 -236.25 -160 0 1
240 -191.25 200 0 2
160 -191.25 50 0 2
200 -191.25 90 0 2

Platform at 100 -450
Number of edges: 4
20 -236.25 -50 0 2
60 -236.25 -50 0 2
140 -450 160 0 1
280 -483.75 158.372 -370.665 8

Platform at 140 -450
Number of edges: 3
100 -450 -160 0 1
180 -450 160 0 1
280 -483.75 123.178 -370.665 8

Platform at 180 -450
Number of edges: 3
140 -450 -160 0 1
220 -450 160 0 1
280 -483.75 88.7451 -367.998 8

Platform at 220 -450
Number of edges: 2
180 -450 -160 0 1
280 -483.75 53.247 -367.998 8

Platform at 280 -483.75
Number of edges: 5
100 -450 -340 0 2
140 -450 -220 0 2
180 -450 -110 0 2
220 -450 -50 0 2
320 -483.75 160 0 1

Platform at 320 -483.75
Number of edges: 3
280 -483.75 -160 0 1
360 -483.75 160 0 1
540 -483.75 193.36 -341.332 8

Platform at 360 -483.75
Number of edges: 3
320 -483.75 -160 0 1
400 -483.75 160 0 1
540 -483.75 159.45 -338.665 8

Platform at 400 -483.75
Number of edges: 3
360 -483.75 -160 0 1
440 -483.75 160 0 1
540 -483.75 124.016 -338.665 8

Platform at 440 -483.75
Number of edges: 2
400 -483.75 -160 0 1
540 -483.75 88.5831 -338.665 8

Platform at 540 -483.75
Number of edges: 3
440 -483.75 -88.5831 -338.665 8
580 -483.75 160 0 1
760 -517.5 193.565 -370.665 8

Platform at 580 -483.75
Number of edges: 4
540 -483.75 -160 0 1
440 -483.75 -124.016 -338.665 8
620 -483.75 160 0 1
760 -517.5 158.372 -370.665 8

Platform at 620 -483.75
Number of edges: 4
580 -483.75 -160 0 1
440 -483.75 -159.45 -338.665 8
660 -483.75 160 0 1
760 -517.5 123.178 -370.665 8

Platform at 660 -483.75
Number of edges: 4
620 -483.75 -160 0 1
440 -483.75 -193.36 -341.332 8
700 -483.75 160 0 1
760 -517.5 88.7451 -367.998 8

Platform at 700 -483.75
Number of edges: 2
660 -483.75 -160 0 1
760 -517.5 53.247 -367.998 8

Platform at 760 -517.5
Number of edges: 6
580 -483.75 -340 0 2
620 -483.75 -220 0 2
660 -483.75 -110 0 2
700 -483.75 -50 0 2
800 -517.5 160 0 1
940 -517.5 159.45 -338.665 8

Platform at 800 -517.5
Number of edges: 3
760 -517.5 -160 0 1
840 -517.5 160 0 1
940 -517.5 124.016 -338.665 8

Platform at 840 -517.5
Number of edges: 2
800 -517.5 -160 0 1
940 -517.5 88.5831 -338.665 8

Platform at 940 -517.5
Number of edges: 3
840 -517.5 -88.5831 -338.665 8
980 -517.5 160 0 1
1080 -562.5 123.959 -378.665 8

Platform at 980 -517.5
Number of edges: 4
940 -517.5 -160 0 1
840 -517.5 -124.016 -338.665 8
1020 -517.5 160 0 1
1080 -562.5 88.5423 -378.665 8

Platform at 1020 -517.5
Number of edges: 3
980 -517.5 -160 0 1
840 -517.5 -159.45 -338.665 8
1080 -562.5 53.1254 -378.665 8

Platform at 1080 -562.5
Number of edges: 4
940 -517.5 -200 0 2
980 -517.5 -90 0 2
1020 -517.5 -50 0 2
1120 -562.5 160 0 1

Platform at 1120 -562.5
Number of edges: 1
1080 -562.5 -160 0 1

Platform at 1260 -607.5
Number of edges: 1
1380 -731.25 105.212 -50.6653 8

Platform at 1300 -607.5
Number of edges: 2
1380 -731.25 70.9558 -47.9986 8
1220 -787.5 -70.65 -98.6653 8

Platform at 1540 -731.25
Number of edges: 1
1500 -731.25 -160 0 1

Platform at 1380 -731.25
Number of edges: 4
1260 -607.5 -100 0 2
1300 -607.5 -50 0 2
1420 -731.25 160 0 1
1220 -787.5 -140.037 -391.998 8

Platform at 1420 -731.25
Number of edges: 3
1380 -731.25 -160 0 1
1460 -731.25 160 0 1
1220 -787.5 -173.473 -394.665 8

Platform at 1460 -731.25
Number of edges: 2
1420 -731.25 -160 0 1
1500 -731.25 160 0 1

Platform at 1500 -731.25
Number of edges: 2
1540 -731.25 160 0 1
1460 -731.25 -160 0 1

Platform at 1220 -787.5
Number of edges: 5
1260 -607.5 50 0 2
1300 -607.5 50 0 2
1380 -731.25 220 0 2
1420 -731.25 310 0 2
1180 -787.5 -160 0 1

Platform at 1100 -787.5
Number of edges: 2
1140 -787.5 160 0 1
920 -821.25 -158.372 -370.665 8

Platform at 1140 -787.5
Number of edges: 3
1100 -787.5 -160 0 1
1180 -787.5 160 0 1
920 -821.25 -193.565 -370.665 8

Platform at 1180 -787.5
Number of edges: 2
1220 -787.5 160 0 1
1140 -787.5 -160 0 1

Platform at 920 -821.25
Number of edges: 2
1100 -787.5 340 0 2
880 -821.25 -160 0 1

Platform at 840 -821.25
Number of edges: 1
880 -821.25 160 0 1

Platform at 880 -821.25
Number of edges: 2
920 -821.25 160 0 1
840 -821.25 -160 0 1

Platform at 320 -888.75
Number of edges: 2
280 -888.75 -160 0 1
200 -945 -105.992 -389.332 8

Platform at 40 -888.75
Number of edges: 1
80 -888.75 160 0 1

Platform at 80 -888.75
Number of edges: 2
40 -888.75 -160 0 1
120 -888.75 160 0 1

Platform at 120 -888.75
Number of edges: 2
80 -888.75 -160 0 1
160 -888.75 160 0 1

Platform at 160 -888.75
Number of edges: 2
120 -888.75 -160 0 1
200 -888.75 160 0 1

Platform at 200 -888.75
Number of edges: 2
160 -888.75 -160 0 1
240 -888.75 160 0 1

Platform at 240 -888.75
Number of edges: 2
200 -888.75 -160 0 1
280 -888.75 160 0 1

Platform at 280 -888.75
Number of edges: 4
320 -888.75 160 0 1
240 -888.75 -160 0 1
200 -945 -70.6614 -389.332 8
60 -978.75 -243.494 -370.665 8

Platform at 200 -945
Number of edges: 5
320 -888.75 130 0 2
240 -888.75 50 0 2
280 -888.75 50 0 2
160 -945 -160 0 1
60 -978.75 -226.56 -239.999 8

Platform at 120 -945
Number of edges: 2
160 -945 160 0 1
60 -978.75 -101.305 -234.665 8

Platform at 160 -945
Number of edges: 3
200 -945 160 0 1
120 -945 -160 0 1
60 -978.75 -168.842 -234.665 8

Platform at 20 -978.75
Number of edges: 2
60 -978.75 160 0 1
80 -1113.75 53.0501 -458.665 8

Platform at 60 -978.75
Number of edges: 4
20 -978.75 -160 0 1
200 -945 220 0 2
120 -945 50 0 2
160 -945 110 0 2

Platform at 80 -1113.75
Number of edges: 2
20 -978.75 -50 0 2
120 -1113.75 160 0 1

Platform at 120 -1113.75
Number of edges: 2
80 -1113.75 -160 0 1
160 -1113.75 160 0 1

Platform at 160 -1113.75
Number of edges: 2
120 -1113.75 -160 0 1
380 -1113.75 193.36 -341.332 8

Platform at 380 -1113.75
Number of edges: 3
320 -888.75 -50 0 2
420 -1113.75 160 0 1
500 -1136.25 105.834 -359.998 8

Platform at 420 -1113.75
Number of edges: 2
380 -1113.75 -160 0 1
500 -1136.25 70.5562 -359.998 8

Platform at 500 -1136.25
Number of edges: 4
380 -1113.75 -200 0 2
420 -1113.75 -50 0 2
540 -1136.25 160 0 1
740 -1136.25 210.938 -341.332 8

Platform at 540 -1136.25
Number of edges: 3
500 -1136.25 -160 0 1
580 -1136.25 160 0 1
740 -1136.25 175.782 -341.332 8

Platform at 580 -1136.25
Number of edges: 3
540 -1136.25 -160 0 1
620 -1136.25 160 0 1
740 -1136.25 141.733 -338.665 8

Platform at 620 -1136.25
Number of edges: 2
580 -1136.25 -160 0 1
740 -1136.25 106.3 -338.665 8

Platform at 740 -1136.25
Number of edges: 1
620 -1136.25 -106.3 -338.665 8

Platform at 940 -1136.25
Number of edges: 2
980 -1136.25 160 0 1
1060 -1158.75 105.834 -359.998 8

Platform at 980 -1136.25
Number of edges: 2
940 -1136.25 -160 0 1
1060 -1158.75 70.5562 -359.998 8

Platform at 1060 -1158.75
Number of edges: 4
940 -1136.25 -200 0 2
980 -1136.25 -50 0 2
1100 -1158.75 160 0 1
1220 -1192.5 50.7747 -370.665 8

Platform at 1100 -1158.75
Number of edges: 3
1060 -1158.75 -160 0 1
1140 -1158.75 160 0 1
1220 -1192.5 50.3347 -295.999 8

Platform at 1140 -1158.75
Number of edges: 3
1100 -1158.75 -160 0 1
1180 -1158.75 160 0 1
1220 -1192.5 51.4672 -229.332 8

Platform at 1180 -1158.75
Number of edges: 2
1140 -1158.75 -160 0 1
1220 -1192.5 -54.8063 -370.665 8

Platform at 1220 -1192.5
Number of edges: 6
1100 -1158.75 -160 0 2
1140 -1158.75 -50 0 2
1180 -1158.75 40 0 2
1260 -1192.5 160 0 1
1440 -1192.5 162.552 -261.332 8
1340 -1305 51.9778 -386.665 8

Platform at 1260 -1192.5
Number of edges: 3
1220 -1192.5 -160 0 1
1300 -1192.5 160 0 1
1440 -1192.5 116.634 -261.332 8

Platform at 1300 -1192.5
Number of edges: 2
1260 -1192.5 -160 0 1
1440 -1192.5 70.715 -261.332 8

Platform at 1440 -1192.5
Number of edges: 3
1300 -1192.5 -160.715 -261.332 8
1480 -1192.5 160 0 1
1500 -1271.25 72.2334 -343.998 8

Platform at 1480 -1192.5
Number of edges: 3
1440 -1192.5 -160 0 1
1300 -1192.5 -206.634 -261.332 8
1520 -1192.5 160 0 1

Platform at 1520 -1192.5
Number of edges: 2
1480 -1192.5 -160 0 1
1300 -1192.5 -339.043 -194.665 8

Platform at 1540 -1271.25
Number of edges: 2
1500 -1271.25 -160 0 1
1420 -1305 -202.61 -234.665 8

Platform at 1500 -1271.25
Number of edges: 3
1540 -1271.25 160 0 1
1440 -1192.5 -50 0 2
1420 -1305 -135.073 -234.665 8

Platform at 1420 -1305
Number of edges: 3
1540 -1271.25 160 0 2
1500 -1271.25 50 0 2
1380 -1305 -160 0 1

Platform at 1340 -1305
Number of edges: 5
1180 -1158.75 -210 0 2
1220 -1192.5 -100 0 2
1260 -1192.5 -50 0 2
1300 -1192.5 -50 0 2
1380 -1305 160 0 1

Platform at 1380 -1305
Number of edges: 4
1420 -1305 160 0 1
1340 -1305 -160 0 1
1320 -1372.5 -53.3657 -397.332 8
1440 -1372.5 53.3657 -397.332 8

Platform at 640 427.5
Number of edges: 8
560 540 -50 0 2
480 540 -160 0 2
520 540 -100 0 2
680 506.25 50 0 2
720 506.25 50 0 2
760 506.25 110 0 2
700 326.25 53.5141 -426.665 8
560 360 -71.1543 -397.332 8

Platform at 560 360
Number of edges: 5
680 506.25 180 0 2
720 506.25 180 0 2
700 326.25 132.31 -349.332 8
640 427.5 50 0 2
520 360 -160 0 1

Platform at 520 360
Number of edges: 3
560 360 160 0 1
480 540 -50 0 2
700 326.25 170.113 -349.332 8

Platform at 0 -1372.5
Number of edges: 1
40 -1372.5 160 0 1

Platform at 40 -1372.5
Number of edges: 2
0 -1372.5 -160 0 1
80 -1372.5 160 0 1

Platform at 80 -1372.5
Number of edges: 2
40 -1372.5 -160 0 1
120 -1372.5 160 0 1

Platform at 120 -1372.5
Number of edges: 2
80 -1372.5 -160 0 1
160 -1372.5 160 0 1

Platform at 160 -1372.5
Number of edges: 2
120 -1372.5 -160 0 1
200 -1372.5 160 0 1

Platform at 200 -1372.5
Number of edges: 2
160 -1372.5 -160 0 1
240 -1372.5 160 0 1

Platform at 240 -1372.5
Number of edges: 2
200 -1372.5 -160 0 1
280 -1372.5 160 0 1

Platform at 280 -1372.5
Number of edges: 2
240 -1372.5 -160 0 1
320 -1372.5 160 0 1

Platform at 320 -1372.5
Number of edges: 2
280 -1372.5 -160 0 1
360 -1372.5 160 0 1

Platform at 360 -1372.5
Number of edges: 2
320 -1372.5 -160 0 1
400 -1372.5 160 0 1

Platform at 400 -1372.5
Number of edges: 2
360 -1372.5 -160 0 1
440 -1372.5 160 0 1

Platform at 440 -1372.5
Number of edges: 2
400 -1372.5 -160 0 1
480 -1372.5 160 0 1

Platform at 480 -1372.5
Number of edges: 2
440 -1372.5 -160 0 1
520 -1372.5 160 0 1

Platform at 520 -1372.5
Number of edges: 2
480 -1372.5 -160 0 1
560 -1372.5 160 0 1

Platform at 560 -1372.5
Number of edges: 2
520 -1372.5 -160 0 1
600 -1372.5 160 0 1

Platform at 600 -1372.5
Number of edges: 2
560 -1372.5 -160 0 1
640 -1372.5 160 0 1

Platform at 640 -1372.5
Number of edges: 2
600 -1372.5 -160 0 1
680 -1372.5 160 0 1

Platform at 680 -1372.5
Number of edges: 2
640 -1372.5 -160 0 1
720 -1372.5 160 0 1

Platform at 720 -1372.5
Number of edges: 2
680 -1372.5 -160 0 1
760 -1372.5 160 0 1

Platform at 760 -1372.5
Number of edges: 2
720 -1372.5 -160 0 1
800 -1372.5 160 0 1

Platform at 800 -1372.5
Number of edges: 2
760 -1372.5 -160 0 1
840 -1372.5 160 0 1

Platform at 840 -1372.5
Number of edges: 2
800 -1372.5 -160 0 1
880 -1372.5 160 0 1

Platform at 880 -1372.5
Number of edges: 2
840 -1372.5 -160 0 1
920 -1372.5 160 0 1

Platform at 920 -1372.5
Number of edges: 2
880 -1372.5 -160 0 1
960 -1372.5 160 0 1

Platform at 960 -1372.5
Number of edges: 2
920 -1372.5 -160 0 1
1000 -1372.5 160 0 1

Platform at 1000 -1372.5
Number of edges: 2
960 -1372.5 -160 0 1
1040 -1372.5 160 0 1

Platform at 1040 -1372.5
Number of edges: 2
1000 -1372.5 -160 0 1
1080 -1372.5 160 0 1

Platform at 1080 -1372.5
Number of edges: 2
1040 -1372.5 -160 0 1
1120 -1372.5 160 0 1

Platform at 1120 -1372.5
Number of edges: 2
1080 -1372.5 -160 0 1
1160 -1372.5 160 0 1

Platform at 1160 -1372.5
Number of edges: 2
1120 -1372.5 -160 0 1
1200 -1372.5 160 0 1

Platform at 1200 -1372.5
Number of edges: 3
1160 -1372.5 -160 0 1
1240 -1372.5 160 0 1
1440 -1372.5 210.938 -341.332 8

Platform at 1240 -1372.5
Number of edges: 3
1200 -1372.5 -160 0 1
1280 -1372.5 160 0 1
1440 -1372.5 175.782 -341.332 8

Platform at 1280 -1372.5
Number of edges: 3
1240 -1372.5 -160 0 1
1320 -1372.5 160 0 1
1440 -1372.5 141.733 -338.665 8

Platform at 1320 -1372.5
Number of edges: 5
1280 -1372.5 -160 0 1
1420 -1305 80 0 2
1340 -1305 50 0 2
1380 -1305 50 0 2
1440 -1372.5 106.3 -338.665 8

Platform at 1440 -1372.5
Number of edges: 5
1420 -1305 -50 0 2
1340 -1305 -80 0 2
1380 -1305 -50 0 2
1320 -1372.5 -106.3 -338.665 8
1480 -1372.5 160 0 1

Platform at 1480 -1372.5
Number of edges: 3
1440 -1372.5 -160 0 1
1320 -1372.5 -141.733 -338.665 8
1520 -1372.5 160 0 1

Platform at 1520 -1372.5
Number of edges: 3
1480 -1372.5 -160 0 1
1320 -1372.5 -175.782 -341.332 8
1560 -1372.5 160 0 1

Platform at 1560 -1372.5
Number of edges: 2
1520 -1372.5 -160 0 1
1320 -1372.5 -210.938 -341.332 8

